Calculations for x^3
p=2
genus, dim ker V^1, ...
Level 1:
[ 1, 1, 1, 1, 1, 1, 1, 1, 1, 1, 1 ]
Level 2:
[ 6, 2, 3, 4, 5, 6, 6, 6, 6, 6, 6 ]
Level 3:
[ 28, 8, 13, 16, 18, 20, 21, 22, 23, 24, 25 ]
Level 4:
[ 120, 32, 51, 64, 73, 80, 85, 90, 94, 96, 98 ]
Level 5:
[ 496, 128, 205, 256, 293, 320, 342, 358, 372, 384, 395 ]
Level 6:
[ 2016, 512, 819, 1024, 1170, 1280, 1365, 1434, 1489, 1536, 1575 ]
Level 7:
[ 8128, 2048, 3277, 4096, 4681, 5120, 5461, 5734, 5958, 6144, 6301 ]
Level 8:
[ 32640, 8192, 13107, 16384, 18725, 20480, 21846, 22938, 23831, 24576, 25206 ]

