Calculations for 1*x^10+2*x^8+2*x^7+1*x^4+1*x^1
p=3
genus, dim ker V^1, ...
Level 1:
[ 9, 4, 7, 8, 9, 9, 9, 9, 9, 9, 9 ]
Level 2:
[ 96, 35, 52, 62, 70, 76, 81, 85, 88, 89, 90 ]
Level 3:
[ 897, 305, 459, 550, 610, 652, 687, 716, 734, 750, 761 ]
Level 4:
[ 8160, 2735, 4104, 4923, 5470, 5861, 6152, 6386, 6562, 6716, 6842 ]

Calculations for 1*x^10+2*x^8+2*x^7+2*x^5+2*x^4+1*x^1
p=3
genus, dim ker V^1, ...
Level 1:
[ 9, 4, 7, 8, 9, 9, 9, 9, 9, 9, 9 ]
Level 2:
[ 96, 35, 52, 62, 70, 76, 81, 86, 88, 89, 90 ]
Level 3:
[ 897, 305, 459, 550, 610, 652, 687, 716, 734, 750, 761 ]
Level 4:
[ 8160, 2735, 4104, 4923, 5470, 5861, 6152, 6386, 6562, 6716, 6842 ]

Calculations for 1*x^10+1*x^4+1*x^2+2*x^1
p=3
genus, dim ker V^1, ...
Level 1:
[ 9, 5, 8, 9, 9, 9, 9, 9, 9, 9, 9 ]
Level 2:
[ 96, 36, 52, 62, 71, 80, 87, 93, 95, 96, 96 ]
Level 3:
[ 897, 306, 460, 551, 611, 652, 690, 723, 739, 750, 761 ]
Level 4:
[ 8160, 2736, 4104, 4923, 5471, 5861, 6152, 6393, 6562, 6719, 6848 ]

Calculations for 1*x^10+2*x^7+1*x^5+1*x^4+1*x^2+1*x^1
p=3
genus, dim ker V^1, ...
Level 1:
[ 9, 5, 7, 9, 9, 9, 9, 9, 9, 9, 9 ]
Level 2:
[ 96, 35, 52, 62, 71, 76, 81, 86, 88, 90, 92 ]
Level 3:
[ 897, 305, 459, 551, 611, 652, 689, 716, 736, 750, 761 ]
Level 4:
[ 8160, 2735, 4104, 4923, 5471, 5861, 6152, 6386, 6562, 6718, 6844 ]

Calculations for 1*x^11+1*x^10+2*x^8+1*x^7+2*x^5+2*x^2
p=3
genus, dim ker V^1, ...
Level 1:
[ 10, 5, 8, 9, 10, 10, 10, 10, 10, 10, 10 ]
Level 2:
[ 106, 38, 57, 68, 77, 84, 90, 94, 98, 99, 100 ]
Level 3:
[ 988, 337, 505, 605, 671, 717, 756, 788, 808, 825, 837 ]
Level 4:
[ 8980, 3010, 4514, 5416, 6017, 6447, 6768, 7026, 7219, 7388, 7527 ]

Calculations for 1*x^11+1*x^10+2*x^7+1*x^2
p=3
genus, dim ker V^1, ...
Level 1:
[ 10, 5, 8, 10, 10, 10, 10, 10, 10, 10, 10 ]
Level 2:
[ 106, 38, 57, 68, 78, 86, 90, 94, 98, 102, 106 ]
Level 3:
[ 988, 336, 505, 606, 672, 717, 759, 789, 813, 825, 837 ]
Level 4:
[ 8980, 3009, 4514, 5416, 6018, 6447, 6768, 7026, 7219, 7392, 7533 ]

Calculations for 1*x^11+1*x^8+1*x^5+2*x^2
p=3
genus, dim ker V^1, ...
Level 1:
[ 10, 6, 8, 9, 10, 10, 10, 10, 10, 10, 10 ]
Level 2:
[ 106, 39, 57, 68, 77, 84, 90, 96, 98, 99, 100 ]
Level 3:
[ 988, 338, 505, 605, 671, 717, 756, 789, 808, 825, 837 ]
Level 4:
[ 8980, 3011, 4514, 5416, 6017, 6447, 6768, 7028, 7219, 7388, 7527 ]

Calculations for 1*x^11+2*x^8+1*x^5+2*x^4+1*x^2
p=3
genus, dim ker V^1, ...
Level 1:
[ 10, 6, 8, 9, 10, 10, 10, 10, 10, 10, 10 ]
Level 2:
[ 106, 39, 57, 68, 77, 84, 91, 96, 98, 99, 100 ]
Level 3:
[ 988, 336, 505, 605, 671, 717, 756, 791, 808, 825, 837 ]
Level 4:
[ 8980, 3009, 4514, 5416, 6017, 6447, 6768, 7028, 7219, 7388, 7527 ]

Calculations for 1*x^13+1*x^11+1*x^10+2*x^8+1*x^7+2*x^5+2*x^4+2*x^1
p=3
genus, dim ker V^1, ...
Level 1:
[ 12, 6, 10, 11, 12, 12, 12, 12, 12, 12, 12 ]
Level 2:
[ 126, 45, 67, 80, 91, 99, 104, 108, 112, 115, 118 ]
Level 3:
[ 1170, 396, 597, 715, 793, 847, 894, 927, 955, 975, 989 ]
Level 4:
[ 10620, 3555, 5334, 6400, 7111, 7619, 7998, 8298, 8531, 8731, 8895 ]

Calculations for 1*x^13+2*x^10+1*x^8+1*x^5+2*x^1
p=3
genus, dim ker V^1, ...
Level 1:
[ 12, 6, 10, 11, 12, 12, 12, 12, 12, 12, 12 ]
Level 2:
[ 126, 45, 67, 80, 91, 99, 104, 108, 112, 115, 118 ]
Level 3:
[ 1170, 396, 597, 715, 793, 847, 894, 927, 955, 975, 989 ]
Level 4:
[ 10620, 3555, 5334, 6400, 7111, 7619, 7998, 8298, 8531, 8731, 8895 ]

Calculations for 1*x^13+1*x^11+2*x^10+1*x^4
p=3
genus, dim ker V^1, ...
Level 1:
[ 12, 7, 11, 12, 12, 12, 12, 12, 12, 12, 12 ]
Level 2:
[ 126, 46, 67, 80, 92, 101, 105, 109, 113, 117, 121 ]
Level 3:
[ 1170, 397, 597, 716, 794, 847, 896, 928, 958, 975, 989 ]
Level 4:
[ 10620, 3556, 5334, 6400, 7112, 7619, 7998, 8299, 8531, 8734, 8897 ]

Calculations for 1*x^13+1*x^11+2*x^8+2*x^7+2*x^2+1*x^1
p=3
genus, dim ker V^1, ...
Level 1:
[ 12, 7, 10, 11, 12, 12, 12, 12, 12, 12, 12 ]
Level 2:
[ 126, 46, 67, 80, 91, 99, 104, 109, 112, 115, 118 ]
Level 3:
[ 1170, 397, 597, 715, 793, 847, 894, 928, 955, 975, 989 ]
Level 4:
[ 10620, 3556, 5334, 6400, 7111, 7619, 7998, 8299, 8531, 8731, 8895 ]

Calculations for 1*x^13+1*x^10+2*x^7+1*x^4+1*x^1
p=3
genus, dim ker V^1, ...
Level 1:
[ 12, 8, 11, 12, 12, 12, 12, 12, 12, 12, 12 ]
Level 2:
[ 126, 47, 67, 80, 92, 102, 106, 110, 114, 118, 122 ]
Level 3:
[ 1170, 398, 598, 716, 794, 847, 896, 929, 958, 975, 989 ]
Level 4:
[ 10620, 3557, 5334, 6400, 7112, 7619, 7998, 8300, 8531, 8734, 8898 ]

Calculations for 1*x^13+1*x^10+2*x^7+1*x^4+1*x^1
p=3
genus, dim ker V^1, ...
Level 1:
[ 12, 8, 11, 12, 12, 12, 12, 12, 12, 12, 12 ]
Level 2:
[ 126, 47, 67, 80, 92, 102, 106, 110, 114, 118, 122 ]
Level 3:
[ 1170, 398, 598, 716, 794, 847, 896, 929, 958, 975, 989 ]
Level 4:
[ 10620, 3557, 5334, 6400, 7112, 7619, 7998, 8300, 8531, 8734, 8898 ]

Calculations for 1*x^14+2*x^13+2*x^11+2*x^10+2*x^7+2*x^4+1*x^1
p=3
genus, dim ker V^1, ...
Level 1:
[ 13, 6, 10, 13, 13, 13, 13, 13, 13, 13, 13 ]
Level 2:
[ 136, 49, 73, 87, 99, 106, 112, 117, 121, 124, 127 ]
Level 3:
[ 1261, 427, 643, 771, 855, 913, 964, 1000, 1029, 1051, 1066 ]
Level 4:
[ 11440, 3829, 5745, 6892, 7659, 8206, 8614, 8938, 9188, 9405, 9580 ]

Calculations for 1*x^14+1*x^11+2*x^10+2*x^8+1*x^5+1*x^4+2*x^2+2*x^1
p=3
genus, dim ker V^1, ...
Level 1:
[ 13, 6, 10, 12, 13, 13, 13, 13, 13, 13, 13 ]
Level 2:
[ 136, 50, 73, 87, 98, 106, 112, 117, 121, 124, 127 ]
Level 3:
[ 1261, 428, 643, 770, 854, 913, 964, 1001, 1029, 1051, 1066 ]
Level 4:
[ 11440, 3830, 5745, 6892, 7658, 8206, 8614, 8939, 9188, 9404, 9580 ]

Calculations for 1*x^14+1*x^13+1*x^11+1*x^10+1*x^8+2*x^7+1*x^5+2*x^4+2*x^2+1*x^\
1
p=3
genus, dim ker V^1, ...
Level 1:
[ 13, 7, 10, 12, 13, 13, 13, 13, 13, 13, 13 ]
Level 2:
[ 136, 49, 73, 87, 98, 106, 112, 118, 121, 124, 127 ]
Level 3:
[ 1261, 427, 643, 770, 854, 913, 964, 1000, 1029, 1051, 1066 ]
Level 4:
[ 11440, 3829, 5745, 6892, 7658, 8206, 8614, 8938, 9188, 9404, 9580 ]

Calculations for 1*x^14+1*x^13+1*x^11+1*x^10+2*x^8+1*x^7+1*x^4+1*x^2
p=3
genus, dim ker V^1, ...
Level 1:
[ 13, 7, 10, 12, 13, 13, 13, 13, 13, 13, 13 ]
Level 2:
[ 136, 49, 73, 87, 98, 106, 112, 118, 121, 124, 127 ]
Level 3:
[ 1261, 427, 643, 770, 854, 913, 964, 1000, 1029, 1051, 1066 ]
Level 4:
[ 11440, 3829, 5745, 6892, 7658, 8206, 8614, 8938, 9188, 9404, 9580 ]

Calculations for 1*x^16+1*x^14+1*x^13+1*x^11+2*x^10+1*x^8+2*x^5+2*x^4+2*x^1
p=3
genus, dim ker V^1, ...
Level 1:
[ 15, 7, 12, 14, 15, 15, 15, 15, 15, 15, 15 ]
Level 2:
[ 156, 56, 83, 99, 111, 121, 130, 136, 141, 143, 145 ]
Level 3:
[ 1443, 488, 735, 879, 975, 1043, 1100, 1146, 1175, 1201, 1218 ]
Level 4:
[ 13080, 4376, 6566, 7877, 8751, 9378, 9844, 10218, 10500, 10746, 10948 ]

Calculations for 1*x^16+2*x^11+2*x^10+2*x^8+1*x^7+1*x^5+2*x^4+1*x^2+2*x^1
p=3
genus, dim ker V^1, ...
Level 1:
[ 15, 7, 12, 14, 15, 15, 15, 15, 15, 15, 15 ]
Level 2:
[ 156, 57, 83, 99, 111, 121, 130, 137, 141, 143, 145 ]
Level 3:
[ 1443, 489, 735, 879, 975, 1043, 1100, 1147, 1175, 1201, 1218 ]
Level 4:
[ 13080, 4377, 6566, 7877, 8751, 9378, 9844, 10219, 10500, 10746, 10948 ]

Calculations for 1*x^16+1*x^14+1*x^13+2*x^11+2*x^8+2*x^5+2*x^4+2*x^1
p=3
genus, dim ker V^1, ...
Level 1:
[ 15, 8, 12, 14, 15, 15, 15, 15, 15, 15, 15 ]
Level 2:
[ 156, 57, 83, 99, 111, 121, 130, 136, 141, 143, 145 ]
Level 3:
[ 1443, 489, 735, 879, 975, 1043, 1100, 1146, 1175, 1201, 1218 ]
Level 4:
[ 13080, 4377, 6566, 7877, 8751, 9378, 9844, 10218, 10500, 10746, 10948 ]

Calculations for 1*x^16+1*x^14+2*x^13+1*x^10+1*x^8+2*x^7+2*x^5+2*x^4+1*x^2
p=3
genus, dim ker V^1, ...
Level 1:
[ 15, 8, 12, 14, 15, 15, 15, 15, 15, 15, 15 ]
Level 2:
[ 156, 56, 83, 99, 111, 121, 130, 136, 141, 143, 145 ]
Level 3:
[ 1443, 488, 735, 879, 975, 1043, 1100, 1146, 1175, 1201, 1218 ]
Level 4:
[ 13080, 4376, 6566, 7877, 8751, 9378, 9844, 10218, 10500, 10746, 10948 ]

Calculations for 1*x^16+2*x^13+1*x^10+1*x^7+2*x^1
p=3
genus, dim ker V^1, ...
Level 1:
[ 15, 9, 13, 15, 15, 15, 15, 15, 15, 15, 15 ]
Level 2:
[ 156, 59, 83, 99, 113, 124, 133, 140, 144, 147, 150 ]
Level 3:
[ 1443, 491, 736, 881, 977, 1043, 1103, 1148, 1179, 1201, 1218 ]
Level 4:
[ 13080, 4379, 6566, 7877, 8753, 9378, 9844, 10220, 10500, 10750, 10953 ]

Calculations for 1*x^16+2*x^13+1*x^10+1*x^7+2*x^1
p=3
genus, dim ker V^1, ...
Level 1:
[ 15, 9, 13, 15, 15, 15, 15, 15, 15, 15, 15 ]
Level 2:
[ 156, 59, 83, 99, 113, 124, 133, 140, 144, 147, 150 ]
Level 3:
[ 1443, 491, 736, 881, 977, 1043, 1103, 1148, 1179, 1201, 1218 ]
Level 4:
[ 13080, 4379, 6566, 7877, 8753, 9378, 9844, 10220, 10500, 10750, 10953 ]

Calculations for 1*x^17+1*x^16+1*x^14+2*x^13+2*x^11+2*x^8+2*x^7+2*x^5+1*x^2
p=3
genus, dim ker V^1, ...
Level 1:
[ 16, 8, 13, 15, 16, 16, 16, 16, 16, 16, 16 ]
Level 2:
[ 166, 59, 88, 105, 120, 130, 139, 145, 151, 154, 157 ]
Level 3:
[ 1534, 519, 780, 935, 1038, 1108, 1171, 1217, 1251, 1276, 1294 ]
Level 4:
[ 13900, 4650, 6976, 8369, 9301, 9964, 10460, 10857, 11157, 11421, 11634 ]

Calculations for 1*x^17+1*x^16+2*x^13+1*x^11+2*x^10+2*x^4
p=3
genus, dim ker V^1, ...
Level 1:
[ 16, 8, 13, 15, 16, 16, 16, 16, 16, 16, 16 ]
Level 2:
[ 166, 59, 88, 105, 119, 131, 140, 146, 152, 156, 159 ]
Level 3:
[ 1534, 519, 780, 935, 1037, 1108, 1171, 1219, 1253, 1276, 1294 ]
Level 4:
[ 13900, 4650, 6976, 8369, 9300, 9964, 10460, 10859, 11157, 11421, 11636 ]

Calculations for 1*x^17+1*x^16+2*x^14+2*x^13+1*x^11+1*x^10+1*x^7+2*x^5+2*x^4+1*\
x^2
p=3
genus, dim ker V^1, ...
Level 1:
[ 16, 9, 13, 15, 16, 16, 16, 16, 16, 16, 16 ]
Level 2:
[ 166, 60, 88, 105, 118, 129, 139, 147, 151, 153, 155 ]
Level 3:
[ 1534, 519, 780, 934, 1036, 1108, 1169, 1218, 1249, 1276, 1294 ]
Level 4:
[ 13900, 4650, 6976, 8369, 9299, 9964, 10460, 10857, 11157, 11418, 11632 ]

Calculations for 1*x^17+1*x^16+1*x^11+1*x^10+2*x^8+1*x^7+1*x^5+2*x^4+1*x^1
p=3
genus, dim ker V^1, ...
Level 1:
[ 16, 9, 13, 15, 16, 16, 16, 16, 16, 16, 16 ]
Level 2:
[ 166, 60, 88, 105, 118, 129, 139, 145, 151, 153, 155 ]
Level 3:
[ 1534, 519, 780, 934, 1036, 1108, 1169, 1218, 1249, 1276, 1294 ]
Level 4:
[ 13900, 4650, 6976, 8369, 9299, 9964, 10460, 10857, 11157, 11418, 11632 ]

Calculations for 1*x^17+1*x^11+1*x^8+1*x^5+2*x^4+1*x^2+2*x^1
p=3
genus, dim ker V^1, ...
Level 1:
[ 16, 10, 13, 15, 16, 16, 16, 16, 16, 16, 16 ]
Level 2:
[ 166, 61, 88, 105, 119, 130, 140, 147, 152, 155, 158 ]
Level 3:
[ 1534, 520, 781, 935, 1037, 1108, 1171, 1220, 1252, 1276, 1294 ]
Level 4:
[ 13900, 4651, 6976, 8369, 9300, 9964, 10460, 10859, 11157, 11420, 11635 ]

Calculations for 1*x^17+1*x^11+1*x^8+1*x^5+2*x^4+1*x^2+2*x^1
p=3
genus, dim ker V^1, ...
Level 1:
[ 16, 10, 13, 15, 16, 16, 16, 16, 16, 16, 16 ]
Level 2:
[ 166, 61, 88, 105, 119, 130, 140, 147, 152, 155, 158 ]
Level 3:
[ 1534, 520, 781, 935, 1037, 1108, 1171, 1220, 1252, 1276, 1294 ]
Level 4:
[ 13900, 4651, 6976, 8369, 9300, 9964, 10460, 10859, 11157, 11420, 11635 ]

Calculations for 1*x^19+2*x^16+1*x^14+1*x^13+2*x^10+1*x^8+1*x^7+2*x^5+1*x^4+2*x\
^1
p=3
genus, dim ker V^1, ...
Level 1:
[ 18, 8, 14, 16, 18, 18, 18, 18, 18, 18, 18 ]
Level 2:
[ 186, 66, 99, 118, 133, 144, 152, 159, 164, 168, 172 ]
Level 3:
[ 1716, 579, 873, 1045, 1159, 1239, 1307, 1357, 1396, 1427, 1447 ]
Level 4:
[ 15540, 5196, 7797, 9354, 10393, 11137, 11690, 12130, 12469, 12762, 13001 ]

Calculations for 1*x^19+1*x^17+1*x^16+1*x^14+1*x^11+2*x^7+1*x^5+2*x^4+2*x^2+2*x\
^1
p=3
genus, dim ker V^1, ...
Level 1:
[ 18, 8, 14, 16, 18, 18, 18, 18, 18, 18, 18 ]
Level 2:
[ 186, 66, 99, 118, 133, 144, 152, 158, 164, 169, 174 ]
Level 3:
[ 1716, 579, 873, 1045, 1159, 1239, 1307, 1356, 1397, 1427, 1447 ]
Level 4:
[ 15540, 5196, 7797, 9354, 10393, 11137, 11690, 12129, 12469, 12762, 13003 ]

Calculations for 1*x^19+2*x^17+2*x^16+2*x^14+2*x^13+2*x^11+1*x^10+1*x^8+1*x^7+1\
*x^5+1*x^4+2*x^2
p=3
genus, dim ker V^1, ...
Level 1:
[ 18, 9, 14, 17, 18, 18, 18, 18, 18, 18, 18 ]
Level 2:
[ 186, 66, 99, 118, 135, 144, 152, 159, 164, 168, 172 ]
Level 3:
[ 1716, 579, 873, 1046, 1161, 1239, 1308, 1356, 1396, 1427, 1447 ]
Level 4:
[ 15540, 5196, 7797, 9354, 10395, 11137, 11690, 12129, 12469, 12764, 13001 ]

Calculations for 1*x^19+1*x^16+2*x^13+2*x^11+2*x^10+1*x^5+1*x^2+2*x^1
p=3
genus, dim ker V^1, ...
Level 1:
[ 18, 9, 14, 17, 18, 18, 18, 18, 18, 18, 18 ]
Level 2:
[ 186, 66, 99, 118, 135, 145, 152, 159, 164, 169, 174 ]
Level 3:
[ 1716, 579, 873, 1047, 1161, 1239, 1309, 1356, 1398, 1427, 1447 ]
Level 4:
[ 15540, 5196, 7797, 9354, 10395, 11137, 11690, 12129, 12469, 12765, 13003 ]

Calculations for 1*x^19+1*x^16+1*x^8+2*x^7+2*x^5+1*x^1
p=3
genus, dim ker V^1, ...
Level 1:
[ 18, 10, 14, 16, 18, 18, 18, 18, 18, 18, 18 ]
Level 2:
[ 186, 67, 99, 118, 133, 145, 156, 166, 170, 172, 174 ]
Level 3:
[ 1716, 580, 873, 1045, 1159, 1239, 1307, 1363, 1397, 1427, 1447 ]
Level 4:
[ 15540, 5197, 7797, 9354, 10393, 11137, 11690, 12136, 12469, 12762, 13003 ]

Calculations for 1*x^19+1*x^16+1*x^8+2*x^7+2*x^5+1*x^1
p=3
genus, dim ker V^1, ...
Level 1:
[ 18, 10, 14, 16, 18, 18, 18, 18, 18, 18, 18 ]
Level 2:
[ 186, 67, 99, 118, 133, 145, 156, 166, 170, 172, 174 ]
Level 3:
[ 1716, 580, 873, 1045, 1159, 1239, 1307, 1363, 1397, 1427, 1447 ]
Level 4:
[ 15540, 5197, 7797, 9354, 10393, 11137, 11690, 12136, 12469, 12762, 13003 ]

Calculations for 1*x^20+1*x^19+2*x^17+2*x^16+1*x^14+1*x^13+1*x^8+1*x^7+1*x^5+2*\
x^2+2*x^1
p=3
genus, dim ker V^1, ...
Level 1:
[ 19, 11, 16, 18, 19, 19, 19, 19, 19, 19, 19 ]
Level 2:
[ 196, 72, 104, 124, 140, 154, 162, 170, 175, 180, 185 ]
Level 3:
[ 1807, 612, 919, 1100, 1220, 1304, 1377, 1431, 1472, 1502, 1523 ]
Level 4:
[ 16360, 5472, 8208, 9846, 10940, 11723, 12305, 12771, 13125, 13435, 13688 ]

Calculations for 1*x^20+1*x^19+2*x^17+2*x^16+1*x^14+1*x^13+1*x^8+1*x^7+1*x^5+2*\
x^2+2*x^1
p=3
genus, dim ker V^1, ...
Level 1:
[ 19, 11, 16, 18, 19, 19, 19, 19, 19, 19, 19 ]
Level 2:
[ 196, 72, 104, 124, 140, 154, 162, 170, 175, 180, 185 ]
Level 3:
[ 1807, 612, 919, 1100, 1220, 1304, 1377, 1431, 1472, 1502, 1523 ]
Level 4:
[ 16360, 5472, 8208, 9846, 10940, 11723, 12305, 12771, 13125, 13435, 13688 ]

Calculations for 1*x^20+2*x^17+1*x^16+2*x^14+1*x^13+1*x^11+2*x^10+1*x^8+2*x^7+1\
*x^4+2*x^2+2*x^1
p=3
genus, dim ker V^1, ...
Level 1:
[ 19, 9, 15, 18, 19, 19, 19, 19, 19, 19, 19 ]
Level 2:
[ 196, 71, 104, 124, 140, 151, 161, 169, 174, 177, 180 ]
Level 3:
[ 1807, 611, 918, 1100, 1220, 1304, 1375, 1429, 1468, 1502, 1523 ]
Level 4:
[ 16360, 5471, 8208, 9846, 10940, 11723, 12305, 12769, 13125, 13433, 13683 ]

Calculations for 1*x^20+1*x^19+2*x^17+2*x^16+2*x^14+1*x^13+2*x^11+1*x^10+1*x^8+\
2*x^7+2*x^5+1*x^2
p=3
genus, dim ker V^1, ...
Level 1:
[ 19, 9, 15, 17, 19, 19, 19, 19, 19, 19, 19 ]
Level 2:
[ 196, 70, 104, 124, 140, 152, 161, 168, 174, 179, 184 ]
Level 3:
[ 1807, 610, 918, 1100, 1220, 1304, 1377, 1429, 1472, 1502, 1523 ]
Level 4:
[ 16360, 5470, 8208, 9846, 10940, 11723, 12305, 12769, 13125, 13436, 13687 ]

Calculations for 1*x^20+1*x^19+2*x^17+2*x^16+1*x^14+1*x^13+2*x^11+1*x^10+2*x^8+\
2*x^7+2*x^1
p=3
genus, dim ker V^1, ...
Level 1:
[ 19, 10, 15, 18, 19, 19, 19, 19, 19, 19, 19 ]
Level 2:
[ 196, 70, 104, 124, 140, 152, 161, 169, 174, 178, 182 ]
Level 3:
[ 1807, 610, 918, 1100, 1220, 1304, 1377, 1429, 1470, 1502, 1523 ]
Level 4:
[ 16360, 5470, 8208, 9846, 10940, 11723, 12305, 12769, 13125, 13434, 13685 ]

Calculations for 1*x^20+2*x^19+1*x^16+2*x^14+1*x^11+2*x^10+2*x^8+2*x^7+2*x^5+2*\
x^2
p=3
genus, dim ker V^1, ...
Level 1:
[ 19, 10, 15, 17, 19, 19, 19, 19, 19, 19, 19 ]
Level 2:
[ 196, 71, 104, 124, 140, 151, 161, 170, 174, 177, 180 ]
Level 3:
[ 1807, 611, 918, 1100, 1220, 1304, 1375, 1431, 1468, 1502, 1523 ]
Level 4:
[ 16360, 5471, 8208, 9846, 10940, 11723, 12305, 12771, 13125, 13433, 13683 ]

Calculations for 1*x^22+1*x^19+2*x^17+2*x^16+2*x^14+2*x^13+1*x^10+1*x^2+2*x^1
p=3
genus, dim ker V^1, ...
Level 1:
[ 21, 11, 16, 19, 21, 21, 21, 21, 21, 21, 21 ]
Level 2:
[ 216, 77, 114, 136, 154, 167, 178, 187, 193, 196, 199 ]
Level 3:
[ 1989, 671, 1010, 1210, 1342, 1434, 1512, 1574, 1615, 1652, 1675 ]
Level 4:
[ 18000, 6017, 9028, 10831, 12034, 12895, 13536, 14048, 14438, 14776, 15053 ]

Calculations for 1*x^22+1*x^16+1*x^11+1*x^8+1*x^7+1*x^5+1*x^2
p=3
genus, dim ker V^1, ...
Level 1:
[ 21, 11, 16, 19, 21, 21, 21, 21, 21, 21, 21 ]
Level 2:
[ 216, 77, 114, 136, 154, 168, 179, 188, 194, 199, 203 ]
Level 3:
[ 1989, 671, 1010, 1210, 1342, 1434, 1514, 1574, 1619, 1652, 1675 ]
Level 4:
[ 18000, 6017, 9028, 10831, 12035, 12895, 13536, 14050, 14438, 14778, 15057 ]

Calculations for 1*x^22+1*x^16+1*x^13+2*x^8+2*x^7+2*x^4+2*x^2+2*x^1
p=3
genus, dim ker V^1, ...
Level 1:
[ 21, 12, 17, 19, 21, 21, 21, 21, 21, 21, 21 ]
Level 2:
[ 216, 78, 114, 136, 154, 169, 179, 189, 194, 198, 202 ]
Level 3:
[ 1989, 672, 1011, 1210, 1342, 1434, 1514, 1575, 1618, 1652, 1675 ]
Level 4:
[ 18000, 6018, 9028, 10831, 12035, 12895, 13536, 14049, 14438, 14778, 15056 ]

Calculations for 1*x^22+2*x^13+2*x^10+1*x^8+2*x^7+2*x^5+1*x^2+1*x^1
p=3
genus, dim ker V^1, ...
Level 1:
[ 21, 12, 18, 20, 21, 21, 21, 21, 21, 21, 21 ]
Level 2:
[ 216, 78, 114, 136, 155, 170, 180, 189, 195, 200, 205 ]
Level 3:
[ 1989, 672, 1011, 1211, 1343, 1434, 1516, 1575, 1620, 1652, 1675 ]
Level 4:
[ 18000, 6018, 9028, 10831, 12036, 12895, 13536, 14049, 14438, 14781, 15058 ]

Calculations for 1*x^22+1*x^20+2*x^19+2*x^16+2*x^13+1*x^11+1*x^8+2*x^5+2*x^4+1*\
x^2+2*x^1
p=3
genus, dim ker V^1, ...
Level 1:
[ 21, 10, 16, 19, 21, 21, 21, 21, 21, 21, 21 ]
Level 2:
[ 216, 76, 114, 136, 154, 166, 178, 186, 193, 196, 199 ]
Level 3:
[ 1989, 672, 1010, 1210, 1342, 1434, 1512, 1573, 1615, 1652, 1675 ]
Level 4:
[ 18000, 6018, 9028, 10831, 12034, 12895, 13536, 14048, 14438, 14775, 15053 ]

Calculations for 1*x^22+1*x^19+2*x^16+1*x^14+1*x^13+2*x^11+1*x^10+1*x^8+1*x^5+1\
*x^4+2*x^1
p=3
genus, dim ker V^1, ...
Level 1:
[ 21, 10, 16, 19, 21, 21, 21, 21, 21, 21, 21 ]
Level 2:
[ 216, 76, 114, 136, 154, 167, 178, 187, 193, 196, 199 ]
Level 3:
[ 1989, 672, 1010, 1210, 1342, 1434, 1512, 1573, 1615, 1652, 1675 ]
Level 4:
[ 18000, 6018, 9028, 10831, 12034, 12895, 13536, 14049, 14438, 14776, 15053 ]

Calculations for 1*x^23+2*x^20+2*x^14+1*x^13+2*x^11+2*x^10+1*x^8+2*x^7+1*x^5+1*\
x^4+2*x^2+2*x^1
p=3
genus, dim ker V^1, ...
Level 1:
[ 22, 11, 17, 21, 22, 22, 22, 22, 22, 22, 22 ]
Level 2:
[ 226, 80, 120, 143, 163, 177, 187, 196, 203, 209, 215 ]
Level 3:
[ 2080, 703, 1057, 1267, 1405, 1500, 1586, 1647, 1696, 1728, 1752 ]
Level 4:
[ 18820, 6292, 9439, 11324, 12583, 13482, 14152, 14688, 15095, 15453, 15745 ]

Calculations for 1*x^23+1*x^22+2*x^19+1*x^17+1*x^13+2*x^11+1*x^8+1*x^7+1*x^5+1*\
x^4+1*x^2
p=3
genus, dim ker V^1, ...
Level 1:
[ 22, 11, 17, 20, 22, 22, 22, 22, 22, 22, 22 ]
Level 2:
[ 226, 81, 120, 143, 161, 175, 187, 195, 203, 207, 211 ]
Level 3:
[ 2080, 702, 1057, 1265, 1403, 1500, 1584, 1646, 1692, 1728, 1752 ]
Level 4:
[ 18820, 6291, 9439, 11324, 12581, 13482, 14152, 14688, 15095, 15450, 15741 ]

Calculations for 1*x^23+2*x^22+2*x^20+1*x^19+2*x^14+1*x^13+2*x^11+1*x^7+2*x^4+1\
*x^2
p=3
genus, dim ker V^1, ...
Level 1:
[ 22, 12, 17, 21, 22, 22, 22, 22, 22, 22, 22 ]
Level 2:
[ 226, 81, 120, 143, 162, 177, 189, 198, 205, 211, 215 ]
Level 3:
[ 2080, 702, 1057, 1266, 1404, 1500, 1585, 1647, 1695, 1728, 1752 ]
Level 4:
[ 18820, 6291, 9439, 11324, 12582, 13482, 14152, 14688, 15095, 15451, 15745 ]

Calculations for 1*x^23+2*x^22+2*x^20+1*x^19+2*x^14+1*x^13+2*x^11+1*x^7+2*x^4+1\
*x^2
p=3
genus, dim ker V^1, ...
Level 1:
[ 22, 12, 17, 21, 22, 22, 22, 22, 22, 22, 22 ]
Level 2:
[ 226, 81, 120, 143, 162, 177, 189, 198, 205, 211, 215 ]
Level 3:
[ 2080, 702, 1057, 1266, 1404, 1500, 1585, 1647, 1695, 1728, 1752 ]
Level 4:
[ 18820, 6291, 9439, 11324, 12582, 13482, 14152, 14688, 15095, 15451, 15745 ]

Calculations for 1*x^23+1*x^20+1*x^17+1*x^16+1*x^14+2*x^13+2*x^10+2*x^8+2*x^7+2\
*x^5+1*x^2+1*x^1
p=3
genus, dim ker V^1, ...
Level 1:
[ 22, 10, 17, 20, 22, 22, 22, 22, 22, 22, 22 ]
Level 2:
[ 226, 80, 120, 143, 161, 174, 187, 195, 203, 206, 209 ]
Level 3:
[ 2080, 702, 1057, 1265, 1403, 1500, 1582, 1646, 1690, 1728, 1752 ]
Level 4:
[ 18820, 6291, 9439, 11324, 12581, 13482, 14152, 14688, 15095, 15448, 15739 ]

Calculations for 1*x^23+1*x^22+2*x^20+1*x^19+1*x^17+2*x^14+1*x^11+1*x^10+1*x^8+\
1*x^7+1*x^5+2*x^4+2*x^2+2*x^1
p=3
genus, dim ker V^1, ...
Level 1:
[ 22, 10, 17, 20, 22, 22, 22, 22, 22, 22, 22 ]
Level 2:
[ 226, 80, 120, 143, 161, 174, 187, 196, 203, 206, 209 ]
Level 3:
[ 2080, 702, 1057, 1265, 1403, 1500, 1582, 1647, 1690, 1728, 1752 ]
Level 4:
[ 18820, 6291, 9439, 11324, 12581, 13482, 14152, 14688, 15095, 15448, 15739 ]

Calculations for 1*x^25+1*x^20+1*x^17+1*x^13+1*x^10+2*x^8+1*x^5+2*x^4+2*x^2+1*x\
^1
p=3
genus, dim ker V^1, ...
Level 1:
[ 24, 11, 19, 21, 23, 24, 24, 24, 24, 24, 24 ]
Level 2:
[ 246, 87, 130, 155, 174, 189, 201, 209, 217, 222, 227 ]
Level 3:
[ 2262, 762, 1148, 1374, 1524, 1630, 1718, 1785, 1836, 1874, 1904 ]
Level 4:
[ 20460, 6837, 10260, 12308, 13674, 14654, 15382, 15960, 16407, 16789, 17106 ]

Calculations for 1*x^25+1*x^23+1*x^22+1*x^20+1*x^17+2*x^14+2*x^13+1*x^11+2*x^10\
+1*x^8+2*x^7+2*x^5+1*x^4+1*x^1
p=3
genus, dim ker V^1, ...
Level 1:
[ 24, 11, 19, 21, 23, 24, 24, 24, 24, 24, 24 ]
Level 2:
[ 246, 87, 130, 155, 174, 189, 201, 209, 217, 222, 227 ]
Level 3:
[ 2262, 762, 1148, 1374, 1524, 1630, 1718, 1785, 1836, 1874, 1904 ]
Level 4:
[ 20460, 6837, 10260, 12308, 13674, 14654, 15382, 15960, 16407, 16789, 17106 ]

Calculations for 1*x^25+1*x^22+1*x^20+2*x^19+1*x^17+2*x^16+1*x^13+1*x^7+2*x^5+2\
*x^4+2*x^1
p=3
genus, dim ker V^1, ...
Level 1:
[ 24, 12, 19, 21, 23, 24, 24, 24, 24, 24, 24 ]
Level 2:
[ 246, 87, 130, 155, 174, 189, 201, 210, 217, 222, 227 ]
Level 3:
[ 2262, 762, 1148, 1374, 1524, 1630, 1718, 1786, 1836, 1874, 1904 ]
Level 4:
[ 20460, 6837, 10260, 12308, 13674, 14654, 15382, 15961, 16407, 16789, 17106 ]

Calculations for 1*x^25+2*x^23+1*x^20+2*x^19+2*x^17+2*x^16+1*x^14+1*x^13+1*x^11\
+2*x^8+1*x^5+1*x^4+2*x^1
p=3
genus, dim ker V^1, ...
Level 1:
[ 24, 12, 19, 21, 23, 24, 24, 24, 24, 24, 24 ]
Level 2:
[ 246, 87, 130, 155, 174, 190, 201, 209, 217, 222, 227 ]
Level 3:
[ 2262, 762, 1148, 1374, 1524, 1630, 1718, 1785, 1836, 1874, 1904 ]
Level 4:
[ 20460, 6837, 10260, 12308, 13674, 14654, 15382, 15960, 16407, 16789, 17106 ]

Calculations for 1*x^25+2*x^23+2*x^22+2*x^20+1*x^19+2*x^13+1*x^11+2*x^8+2*x^7+2\
*x^5+1*x^1
p=3
genus, dim ker V^1, ...
Level 1:
[ 24, 13, 19, 22, 23, 24, 24, 24, 24, 24, 24 ]
Level 2:
[ 246, 90, 130, 155, 175, 190, 202, 210, 218, 224, 229 ]
Level 3:
[ 2262, 765, 1148, 1375, 1525, 1630, 1720, 1787, 1838, 1877, 1904 ]
Level 4:
[ 20460, 6840, 10260, 12308, 13675, 14654, 15382, 15962, 16407, 16792, 17108 ]

Calculations for 1*x^25+2*x^23+2*x^22+2*x^20+1*x^19+2*x^13+1*x^11+2*x^8+2*x^7+2\
*x^5+1*x^1
p=3
genus, dim ker V^1, ...
Level 1:
[ 24, 13, 19, 22, 23, 24, 24, 24, 24, 24, 24 ]
Level 2:
[ 246, 90, 130, 155, 175, 190, 202, 210, 218, 224, 229 ]
Level 3:
[ 2262, 765, 1148, 1375, 1525, 1630, 1720, 1787, 1838, 1877, 1904 ]
Level 4:
[ 20460, 6840, 10260, 12308, 13675, 14654, 15382, 15962, 16407, 16792, 17108 ]

Calculations for 1*x^25+2*x^22+2*x^19+2*x^13+1*x^10+1*x^7+2*x^5
p=3
genus, dim ker V^1, ...
Level 1:
[ 24, 14, 20, 22, 23, 24, 24, 24, 24, 24, 24 ]
Level 2:
[ 246, 90, 130, 155, 176, 192, 204, 212, 220, 227, 232 ]
Level 3:
[ 2262, 765, 1149, 1376, 1526, 1630, 1722, 1788, 1841, 1878, 1904 ]
Level 4:
[ 20460, 6840, 10260, 12308, 13676, 14654, 15382, 15963, 16407, 16796, 17111 ]

Calculations for 1*x^25+2*x^22+2*x^19+2*x^13+1*x^10+1*x^7+2*x^5
p=3
genus, dim ker V^1, ...
Level 1:
[ 24, 14, 20, 22, 23, 24, 24, 24, 24, 24, 24 ]
Level 2:
[ 246, 90, 130, 155, 176, 192, 204, 212, 220, 227, 232 ]
Level 3:
[ 2262, 765, 1149, 1376, 1526, 1630, 1722, 1788, 1841, 1878, 1904 ]
Level 4:
[ 20460, 6840, 10260, 12308, 13676, 14654, 15382, 15963, 16407, 16796, 17111 ]

Calculations for 1*x^26+1*x^23+2*x^20+2*x^17+2*x^16+2*x^14+2*x^13+1*x^11+1*x^8+\
2*x^7+1*x^5+2*x^4+1*x^2+1*x^1
p=3
genus, dim ker V^1, ...
Level 1:
[ 25, 12, 20, 22, 24, 25, 25, 25, 25, 25, 25 ]
Level 2:
[ 256, 91, 135, 161, 182, 197, 210, 219, 227, 231, 235 ]
Level 3:
[ 2353, 793, 1194, 1429, 1586, 1695, 1787, 1858, 1909, 1949, 1980 ]
Level 4:
[ 21280, 7111, 10670, 12801, 14222, 15239, 15997, 16600, 17063, 17461, 17789 ]

Calculations for 1*x^26+2*x^25+1*x^23+2*x^19+2*x^17+1*x^16+1*x^13+2*x^11+1*x^10\
+1*x^8+1*x^7+1*x^4+2*x^2
p=3
genus, dim ker V^1, ...
Level 1:
[ 25, 12, 20, 23, 24, 25, 25, 25, 25, 25, 25 ]
Level 2:
[ 256, 91, 135, 161, 182, 198, 210, 220, 227, 232, 237 ]
Level 3:
[ 2353, 793, 1194, 1430, 1586, 1695, 1789, 1858, 1911, 1949, 1980 ]
Level 4:
[ 21280, 7111, 10670, 12801, 14222, 15239, 15997, 16600, 17063, 17464, 17791 ]

Calculations for 1*x^26+1*x^25+2*x^23+2*x^22+2*x^20+2*x^16+2*x^10+2*x^8+1*x^7+1\
*x^5+1*x^2+2*x^1
p=3
genus, dim ker V^1, ...
Level 1:
[ 25, 13, 20, 22, 24, 25, 25, 25, 25, 25, 25 ]
Level 2:
[ 256, 91, 135, 161, 181, 197, 210, 220, 227, 231, 235 ]
Level 3:
[ 2353, 793, 1194, 1429, 1585, 1695, 1787, 1859, 1909, 1949, 1980 ]
Level 4:
[ 21280, 7111, 10670, 12801, 14221, 15239, 15997, 16601, 17063, 17461, 17789 ]

Calculations for 1*x^26+1*x^25+2*x^23+2*x^20+2*x^19+1*x^17+1*x^14+1*x^13+1*x^11\
+1*x^8+2*x^7+1*x^5+1*x^4+1*x^2
p=3
genus, dim ker V^1, ...
Level 1:
[ 25, 13, 20, 22, 24, 25, 25, 25, 25, 25, 25 ]
Level 2:
[ 256, 91, 135, 161, 181, 197, 210, 219, 227, 231, 235 ]
Level 3:
[ 2353, 793, 1194, 1429, 1585, 1695, 1787, 1859, 1909, 1949, 1980 ]
Level 4:
[ 21280, 7111, 10670, 12801, 14221, 15239, 15997, 16601, 17063, 17461, 17789 ]

Calculations for 1*x^26+2*x^23+2*x^14+1*x^10+2*x^7+1*x^4+1*x^1
p=3
genus, dim ker V^1, ...
Level 1:
[ 25, 14, 20, 23, 24, 25, 25, 25, 25, 25, 25 ]
Level 2:
[ 256, 92, 135, 161, 182, 198, 211, 221, 228, 233, 238 ]
Level 3:
[ 2353, 794, 1194, 1430, 1586, 1695, 1790, 1859, 1912, 1949, 1980 ]
Level 4:
[ 21280, 7112, 10670, 12801, 14222, 15239, 15997, 16601, 17063, 17464, 17792 ]

Calculations for 1*x^26+2*x^23+2*x^14+1*x^10+2*x^7+1*x^4+1*x^1
p=3
genus, dim ker V^1, ...
Level 1:
[ 25, 14, 20, 23, 24, 25, 25, 25, 25, 25, 25 ]
Level 2:
[ 256, 92, 135, 161, 182, 198, 211, 221, 228, 233, 238 ]
Level 3:
[ 2353, 794, 1194, 1430, 1586, 1695, 1790, 1859, 1912, 1949, 1980 ]
Level 4:
[ 21280, 7112, 10670, 12801, 14222, 15239, 15997, 16601, 17063, 17464, 17792 ]

Calculations for 1*x^28+2*x^26+1*x^25+2*x^23+1*x^22+2*x^19+1*x^17+2*x^14+2*x^13\
+1*x^11+2*x^7+1*x^2
p=3
genus, dim ker V^1, ...
Level 1:
[ 27, 12, 20, 23, 25, 26, 27, 27, 27, 27, 27 ]
Level 2:
[ 276, 97, 146, 174, 195, 212, 226, 237, 245, 250, 255 ]
Level 3:
[ 2535, 854, 1285, 1539, 1707, 1826, 1925, 2002, 2058, 2099, 2133 ]
Level 4:
[ 22920, 7658, 11490, 13785, 15315, 16411, 17228, 17880, 18376, 18806, 19160 ]

Calculations for 1*x^28+2*x^26+1*x^25+1*x^23+2*x^22+2*x^20+1*x^19+2*x^14+2*x^13\
+2*x^10+2*x^7+1*x^5+2*x^4+2*x^2+1*x^1
p=3
genus, dim ker V^1, ...
Level 1:
[ 27, 12, 20, 24, 25, 26, 27, 27, 27, 27, 27 ]
Level 2:
[ 276, 97, 146, 174, 196, 211, 226, 236, 245, 249, 253 ]
Level 3:
[ 2535, 855, 1285, 1540, 1708, 1826, 1925, 2003, 2056, 2099, 2133 ]
Level 4:
[ 22920, 7659, 11490, 13785, 15316, 16411, 17228, 17879, 18376, 18806, 19158 ]

Calculations for 1*x^28+2*x^26+2*x^25+1*x^22+2*x^20+1*x^19+1*x^17+1*x^11+1*x^10\
+2*x^5+2*x^4+1*x^2+1*x^1
p=3
genus, dim ker V^1, ...
Level 1:
[ 27, 13, 20, 23, 25, 26, 27, 27, 27, 27, 27 ]
Level 2:
[ 276, 97, 146, 174, 195, 212, 226, 236, 245, 250, 255 ]
Level 3:
[ 2535, 855, 1285, 1539, 1707, 1826, 1925, 2003, 2058, 2099, 2133 ]
Level 4:
[ 22920, 7659, 11490, 13785, 15315, 16411, 17228, 17879, 18376, 18806, 19160 ]

Calculations for 1*x^28+2*x^26+2*x^22+2*x^17+2*x^16+2*x^13+2*x^7+1*x^5+2*x^4+1*\
x^2
p=3
genus, dim ker V^1, ...
Level 1:
[ 27, 13, 20, 23, 25, 26, 27, 27, 27, 27, 27 ]
Level 2:
[ 276, 97, 146, 174, 195, 211, 226, 237, 245, 249, 253 ]
Level 3:
[ 2535, 855, 1285, 1539, 1707, 1826, 1925, 2003, 2056, 2099, 2133 ]
Level 4:
[ 22920, 7659, 11490, 13785, 15315, 16411, 17228, 17879, 18376, 18805, 19158 ]

Calculations for 1*x^28+2*x^26+2*x^25+1*x^23+2*x^22+1*x^20+1*x^19+2*x^17+2*x^16\
+1*x^14+2*x^13+1*x^10+1*x^7+1*x^5+2*x^2+1*x^1
p=3
genus, dim ker V^1, ...
Level 1:
[ 27, 14, 20, 24, 25, 26, 27, 27, 27, 27, 27 ]
Level 2:
[ 276, 98, 146, 174, 196, 213, 227, 239, 246, 253, 258 ]
Level 3:
[ 2535, 854, 1285, 1540, 1708, 1826, 1927, 2003, 2060, 2099, 2133 ]
Level 4:
[ 22920, 7658, 11490, 13785, 15316, 16411, 17228, 17879, 18376, 18809, 19163 ]

Calculations for 1*x^28+2*x^25+1*x^22+2*x^19+1*x^14+2*x^11+1*x^10+1*x^7+2*x^1
p=3
genus, dim ker V^1, ...
Level 1:
[ 27, 14, 20, 24, 26, 27, 27, 27, 27, 27, 27 ]
Level 2:
[ 276, 98, 146, 174, 196, 212, 226, 239, 245, 250, 255 ]
Level 3:
[ 2535, 854, 1285, 1540, 1708, 1826, 1927, 2003, 2058, 2103, 2133 ]
Level 4:
[ 22920, 7658, 11490, 13785, 15316, 16413, 17228, 17879, 18376, 18808, 19160 ]

Calculations for 1*x^28+1*x^25+2*x^22+2*x^19+2*x^16+2*x^10+1*x^7+1*x^5+2*x^4+2*\
x^2
p=3
genus, dim ker V^1, ...
Level 1:
[ 27, 15, 21, 24, 26, 27, 27, 27, 27, 27, 27 ]
Level 2:
[ 276, 101, 146, 174, 197, 215, 229, 240, 248, 255, 259 ]
Level 3:
[ 2535, 857, 1286, 1541, 1709, 1826, 1928, 2006, 2061, 2103, 2133 ]
Level 4:
[ 22920, 7661, 11490, 13785, 15317, 16413, 17228, 17882, 18376, 18809, 19164 ]

Calculations for 1*x^28+1*x^25+2*x^22+2*x^19+2*x^16+2*x^10+1*x^7+1*x^5+2*x^4+2*\
x^2
p=3
genus, dim ker V^1, ...
Level 1:
[ 27, 15, 21, 24, 26, 27, 27, 27, 27, 27, 27 ]
Level 2:
[ 276, 101, 146, 174, 197, 215, 229, 240, 248, 255, 259 ]
Level 3:
[ 2535, 857, 1286, 1541, 1709, 1826, 1928, 2006, 2061, 2103, 2133 ]
Level 4:
[ 22920, 7661, 11490, 13785, 15317, 16413, 17228, 17882, 18376, 18809, 19164 ]

Calculations for 1*x^29+1*x^28+1*x^26+2*x^23+2*x^22+1*x^17+1*x^16+2*x^10+1*x^8+\
1*x^7+1*x^2+2*x^1
p=3
genus, dim ker V^1, ...
Level 1:
[ 28, 13, 21, 24, 26, 27, 28, 28, 28, 28, 28 ]
Level 2:
[ 286, 101, 151, 180, 202, 219, 235, 245, 255, 259, 263 ]
Level 3:
[ 2626, 884, 1331, 1594, 1769, 1891, 1994, 2075, 2130, 2174, 2209 ]
Level 4:
[ 23740, 7932, 11901, 14277, 15863, 16997, 17843, 18518, 19032, 19478, 19843 ]

Calculations for 1*x^29+1*x^28+2*x^26+2*x^23+2*x^20+1*x^19+1*x^17+2*x^16+1*x^14\
+2*x^13+1*x^11+2*x^10+1*x^8+1*x^7+2*x^5+1*x^4+1*x^2+2*x^1
p=3
genus, dim ker V^1, ...
Level 1:
[ 28, 13, 21, 24, 26, 27, 28, 28, 28, 28, 28 ]
Level 2:
[ 286, 102, 151, 180, 202, 219, 235, 245, 255, 259, 263 ]
Level 3:
[ 2626, 885, 1331, 1594, 1768, 1891, 1994, 2075, 2130, 2174, 2209 ]
Level 4:
[ 23740, 7933, 11901, 14277, 15863, 16997, 17843, 18519, 19032, 19478, 19843 ]

Calculations for 1*x^29+2*x^28+2*x^26+1*x^25+1*x^23+1*x^22+2*x^20+1*x^19+1*x^17\
+2*x^16+2*x^14+2*x^13+1*x^10+1*x^7+2*x^4+1*x^2
p=3
genus, dim ker V^1, ...
Level 1:
[ 28, 14, 21, 25, 26, 27, 28, 28, 28, 28, 28 ]
Level 2:
[ 286, 101, 151, 180, 203, 221, 235, 245, 255, 261, 267 ]
Level 3:
[ 2626, 884, 1331, 1595, 1769, 1891, 1996, 2074, 2134, 2174, 2209 ]
Level 4:
[ 23740, 7932, 11901, 14277, 15864, 16997, 17843, 18519, 19032, 19481, 19847 ]

Calculations for 1*x^29+1*x^28+2*x^25+1*x^23+2*x^22+1*x^20+1*x^19+2*x^17+2*x^16\
+1*x^13+2*x^11+1*x^10+2*x^8+2*x^7+2*x^5+2*x^4+2*x^2
p=3
genus, dim ker V^1, ...
Level 1:
[ 28, 14, 21, 24, 26, 28, 28, 28, 28, 28, 28 ]
Level 2:
[ 286, 103, 151, 180, 202, 220, 235, 246, 255, 260, 265 ]
Level 3:
[ 2626, 886, 1331, 1594, 1768, 1891, 1994, 2075, 2132, 2174, 2209 ]
Level 4:
[ 23740, 7935, 11901, 14277, 15863, 16998, 17843, 18519, 19032, 19478, 19845 ]

Calculations for 1*x^29+1*x^23+1*x^20+1*x^17+2*x^13+2*x^11+1*x^10+2*x^8+1*x^7+2\
*x^5+2*x^4+2*x^2
p=3
genus, dim ker V^1, ...
Level 1:
[ 28, 15, 21, 25, 27, 28, 28, 28, 28, 28, 28 ]
Level 2:
[ 286, 102, 151, 180, 203, 220, 235, 246, 255, 260, 265 ]
Level 3:
[ 2626, 885, 1331, 1595, 1769, 1891, 1996, 2075, 2132, 2178, 2209 ]
Level 4:
[ 23740, 7932, 11901, 14277, 15864, 16999, 17843, 18518, 19032, 19480, 19845 ]

Calculations for 1*x^29+1*x^28+1*x^26+2*x^23+2*x^22+2*x^20+2*x^17+2*x^16+1*x^13\
+2*x^10+2*x^8+1*x^7+2*x^4
p=3
genus, dim ker V^1, ...
Level 1:
[ 28, 15, 21, 24, 26, 27, 28, 28, 28, 28, 28 ]
Level 2:
[ 286, 103, 151, 180, 202, 220, 235, 245, 255, 259, 263 ]
Level 3:
[ 2626, 886, 1331, 1594, 1768, 1891, 1994, 2074, 2130, 2174, 2209 ]
Level 4:
[ 23740, 7933, 11901, 14277, 15863, 16997, 17843, 18519, 19032, 19478, 19843 ]

Calculations for 1*x^1
p=3
genus, dim ker V^1, ...
Level 1:
[ 0, 0, 0, 0, 0, 0 ]
Level 2:
[ 6, 3, 5, 6, 6, 6 ]
Level 3:
[ 78, 30, 45, 54, 60, 65 ]
Level 4:
[ 780, 273, 410, 492, 546, 585 ]
Level 5:
[ 7260, 2460, 3690, 4428, 4920, 5271 ]

Calculations for 1*x^2
p=3
genus, dim ker V^1, ...
Level 1:
[ 1, 1, 1, 1, 1, 1 ]
Level 2:
[ 16, 7, 10, 12, 13, 14 ]
Level 3:
[ 169, 61, 91, 109, 121, 130 ]
Level 4:
[ 1600, 547, 820, 984, 1093, 1171 ]
Level 5:
[ 14641, 4921, 7381, 8857, 9841, 10544 ]

Calculations for 1*x^4
p=3
genus, dim ker V^1, ...
Level 1:
[ 3, 3, 3, 3, 3, 3 ]
Level 2:
[ 36, 15, 20, 24, 27, 30 ]
Level 3:
[ 351, 123, 183, 219, 243, 260 ]
Level 4:
[ 3240, 1095, 1640, 1968, 2187, 2343 ]
Level 5:
[ 29403, 9843, 14763, 17715, 19683, 21090 ]

Calculations for 1*x^5
p=3
genus, dim ker V^1, ...
Level 1:
[ 4, 2, 4, 4, 4, 4 ]
Level 2:
[ 46, 19, 26, 31, 35, 39 ]
Level 3:
[ 442, 154, 230, 275, 305, 326 ]
Level 4:
[ 4060, 1369, 2052, 2461, 2735, 2930 ]
Level 5:
[ 36784, 12304, 18456, 22145, 24605, 26365 ]

Calculations for 1*x^7
p=3
genus, dim ker V^1, ...
Level 1:
[ 6, 4, 5, 6, 6, 6 ]
Level 2:
[ 66, 25, 36, 43, 49, 55 ]
Level 3:
[ 624, 214, 321, 385, 427, 456 ]
Level 4:
[ 5700, 1915, 2872, 3446, 3829, 4102 ]
Level 5:
[ 51546, 17224, 25837, 31004, 34447, 36911 ]

Calculations for 1*x^8
p=3
genus, dim ker V^1, ...
Level 1:
[ 7, 5, 6, 7, 7, 7 ]
Level 2:
[ 76, 29, 41, 49, 55, 60 ]
Level 3:
[ 715, 245, 367, 439, 487, 521 ]
Level 4:
[ 6520, 2189, 3282, 3938, 4375, 4688 ]
Level 5:
[ 58927, 19685, 29528, 35432, 39367, 42181 ]

Calculations for 1*x^10
p=3
genus, dim ker V^1, ...
Level 1:
[ 9, 5, 9, 9, 9, 9 ]
Level 2:
[ 96, 37, 52, 62, 71, 80 ]
Level 3:
[ 897, 307, 461, 551, 611, 652 ]
Level 4:
[ 8160, 2737, 4104, 4923, 5471, 5861 ]
Level 5:
[ 73689, 24607, 36913, 44292, 49211, 52732 ]

