Calculations for 1*x^31+2*x^29+2*x^26+1*x^25+2*x^23+1*x^22+2*x^17+2*x^16+2*x^14\
+1*x^11+1*x^10+2*x^7+2*x^5+2*x^4+2*x^2
p=3
genus, dim ker V^1, ...
Level 1:
[ 30, 14, 23, 26, 28, 29, 30, 30, 30, 30, 30 ]
Level 2:
[ 306, 109, 161, 192, 216, 235, 250, 261, 270, 276, 282 ]
Level 3:
[ 2808, 946, 1423, 1704, 1890, 2021, 2132, 2214, 2278, 2324, 2361 ]
Level 4:
[ 25380, 8479, 12721, 15262, 16957, 18169, 19073, 19791, 20344, 20820, 21211 ]

Calculations for 1*x^31+2*x^26+1*x^25+2*x^23+2*x^22+1*x^19+1*x^17+2*x^13+2*x^11\
+2*x^8+1*x^7+2*x^2+2*x^1
p=3
genus, dim ker V^1, ...
Level 1:
[ 30, 14, 23, 26, 28, 29, 30, 30, 30, 30, 30 ]
Level 2:
[ 306, 108, 161, 192, 216, 236, 250, 260, 270, 276, 282 ]
Level 3:
[ 2808, 945, 1423, 1704, 1890, 2021, 2132, 2214, 2278, 2324, 2361 ]
Level 4:
[ 25380, 8478, 12721, 15262, 16957, 18169, 19073, 19791, 20344, 20821, 21211 ]

Calculations for 1*x^31+1*x^26+1*x^25+2*x^22+1*x^20+2*x^17+2*x^16+1*x^8+1*x^5
p=3
genus, dim ker V^1, ...
Level 1:
[ 30, 15, 23, 27, 28, 29, 30, 30, 30, 30, 30 ]
Level 2:
[ 306, 108, 161, 192, 217, 237, 250, 261, 270, 277, 284 ]
Level 3:
[ 2808, 945, 1423, 1705, 1891, 2021, 2134, 2214, 2280, 2324, 2361 ]
Level 4:
[ 25380, 8478, 12721, 15262, 16958, 18169, 19073, 19791, 20344, 20824, 21213 ]

Calculations for 1*x^31+1*x^28+1*x^25+1*x^23+2*x^16+1*x^13+1*x^10+1*x^8+2*x^7+2\
*x^5+2*x^4+2*x^2+2*x^1
p=3
genus, dim ker V^1, ...
Level 1:
[ 30, 15, 23, 27, 29, 30, 30, 30, 30, 30, 30 ]
Level 2:
[ 306, 108, 161, 192, 216, 235, 250, 260, 270, 277, 283 ]
Level 3:
[ 2808, 945, 1423, 1704, 1890, 2021, 2132, 2214, 2278, 2328, 2361 ]
Level 4:
[ 25380, 8478, 12721, 15262, 16957, 18171, 19073, 19791, 20344, 20821, 21213 ]

Calculations for 1*x^31+2*x^29+2*x^28+2*x^26+2*x^23+2*x^22+2*x^19+2*x^17+1*x^16\
+2*x^13+2*x^11+2*x^8+1*x^7+1*x^4+1*x^1
p=3
genus, dim ker V^1, ...
Level 1:
[ 30, 16, 23, 26, 28, 29, 30, 30, 30, 30, 30 ]
Level 2:
[ 306, 109, 161, 192, 216, 236, 250, 261, 270, 276, 282 ]
Level 3:
[ 2808, 946, 1423, 1704, 1890, 2021, 2132, 2214, 2278, 2324, 2361 ]
Level 4:
[ 25380, 8479, 12721, 15262, 16957, 18169, 19073, 19791, 20344, 20821, 21211 ]

Calculations for 1*x^31+1*x^29+1*x^23+1*x^22+2*x^20+2*x^19+1*x^17+1*x^16+2*x^14\
+2*x^11+2*x^10+1*x^8+1*x^1
p=3
genus, dim ker V^1, ...
Level 1:
[ 30, 16, 23, 27, 29, 30, 30, 30, 30, 30, 30 ]
Level 2:
[ 306, 109, 161, 192, 216, 235, 250, 261, 270, 276, 282 ]
Level 3:
[ 2808, 946, 1423, 1704, 1891, 2021, 2132, 2214, 2278, 2328, 2361 ]
Level 4:
[ 25380, 8479, 12721, 15262, 16957, 18171, 19073, 19791, 20344, 20821, 21211 ]

Calculations for 1*x^31+2*x^29+2*x^26+2*x^25+1*x^13+2*x^11+2*x^10+1*x^7+1*x^5+1\
*x^2+2*x^1
p=3
genus, dim ker V^1, ...
Level 1:
[ 30, 17, 23, 27, 28, 29, 30, 30, 30, 30, 30 ]
Level 2:
[ 306, 111, 161, 192, 217, 236, 251, 263, 271, 278, 285 ]
Level 3:
[ 2808, 948, 1423, 1705, 1891, 2021, 2134, 2217, 2280, 2324, 2361 ]
Level 4:
[ 25380, 8481, 12721, 15262, 16958, 18169, 19073, 19794, 20344, 20823, 21214 ]

Calculations for 1*x^31+2*x^29+2*x^26+2*x^25+1*x^13+2*x^11+2*x^10+1*x^7+1*x^5+1\
*x^2+2*x^1
p=3
genus, dim ker V^1, ...
Level 1:
[ 30, 17, 23, 27, 28, 29, 30, 30, 30, 30, 30 ]
Level 2:
[ 306, 111, 161, 192, 217, 236, 251, 263, 271, 278, 285 ]
Level 3:
[ 2808, 948, 1423, 1705, 1891, 2021, 2134, 2217, 2280, 2324, 2361 ]
Level 4:
[ 25380, 8481, 12721, 15262, 16958, 18169, 19073, 19794, 20344, 20823, 21214 ]

Calculations for 1*x^31+1*x^28+1*x^25+2*x^22+1*x^19+2*x^16+1*x^13+2*x^8+1*x^7+2\
*x^4+2*x^1
p=3
genus, dim ker V^1, ...
Level 1:
[ 30, 18, 24, 27, 29, 30, 30, 30, 30, 30, 30 ]
Level 2:
[ 306, 111, 161, 192, 218, 240, 256, 268, 277, 284, 291 ]
Level 3:
[ 2808, 948, 1424, 1706, 1892, 2021, 2136, 2222, 2285, 2328, 2361 ]
Level 4:
[ 25380, 8481, 12721, 15262, 16959, 18171, 19073, 19799, 20344, 20827, 21221 ]

Calculations for 1*x^31+2*x^28+1*x^19+1*x^8+2*x^7+1*x^5+1*x^4+2*x^1
p=3
genus, dim ker V^1, ...
Level 1:
[ 30, 18, 24, 28, 29, 30, 30, 30, 30, 30, 30 ]
Level 2:
[ 306, 111, 161, 192, 219, 240, 255, 268, 277, 285, 292 ]
Level 3:
[ 2808, 948, 1424, 1707, 1893, 2021, 2138, 2223, 2287, 2328, 2361 ]
Level 4:
[ 25380, 8481, 12721, 15262, 16960, 18171, 19073, 19800, 20344, 20829, 21222 ]

Calculations for 1*x^32+1*x^29+2*x^28+2*x^25+2*x^22+2*x^20+2*x^19+2*x^17+1*x^16\
+1*x^13+2*x^11+2*x^10+1*x^8+1*x^5+1*x^4+2*x^1
p=3
genus, dim ker V^1, ...
Level 1:
[ 31, 14, 24, 27, 29, 31, 31, 31, 31, 31, 31 ]
Level 2:
[ 316, 112, 167, 199, 223, 242, 258, 270, 279, 286, 291 ]
Level 3:
[ 2899, 976, 1470, 1759, 1951, 2087, 2200, 2287, 2351, 2400, 2438 ]
Level 4:
[ 26200, 8752, 13132, 15755, 17503, 18757, 19689, 20431, 21001, 21491, 21897 ]

Calculations for 1*x^32+1*x^31+1*x^29+1*x^26+2*x^25+1*x^19+2*x^17+2*x^16+2*x^14\
+1*x^11+1*x^8+1*x^7+2*x^5+1*x^4+1*x^2+1*x^1
p=3
genus, dim ker V^1, ...
Level 1:
[ 31, 14, 24, 27, 29, 30, 31, 31, 31, 31, 31 ]
Level 2:
[ 316, 112, 167, 199, 223, 242, 258, 272, 280, 288, 291 ]
Level 3:
[ 2899, 976, 1470, 1759, 1951, 2087, 2200, 2290, 2351, 2400, 2438 ]
Level 4:
[ 26200, 8752, 13132, 15755, 17503, 18756, 19689, 20434, 21001, 21491, 21897 ]

Calculations for 1*x^32+1*x^31+1*x^29+2*x^28+1*x^26+1*x^23+1*x^20+2*x^19+1*x^13\
+1*x^11+1*x^8+1*x^7+1*x^4+2*x^2+2*x^1
p=3
genus, dim ker V^1, ...
Level 1:
[ 31, 15, 24, 28, 29, 30, 31, 31, 31, 31, 31 ]
Level 2:
[ 316, 112, 167, 199, 224, 243, 258, 269, 279, 287, 293 ]
Level 3:
[ 2899, 976, 1470, 1760, 1952, 2087, 2202, 2288, 2353, 2400, 2438 ]
Level 4:
[ 26200, 8752, 13132, 15755, 17504, 18756, 19689, 20432, 21001, 21494, 21899 ]

Calculations for 1*x^32+1*x^31+2*x^29+2*x^25+1*x^22+2*x^17+1*x^14+2*x^13+2*x^11\
+2*x^10+1*x^8+1*x^5+1*x^4+2*x^2+2*x^1
p=3
genus, dim ker V^1, ...
Level 1:
[ 31, 15, 24, 27, 29, 31, 31, 31, 31, 31, 31 ]
Level 2:
[ 316, 112, 167, 199, 223, 242, 258, 269, 279, 285, 291 ]
Level 3:
[ 2899, 976, 1470, 1759, 1951, 2087, 2200, 2287, 2351, 2400, 2438 ]
Level 4:
[ 26200, 8752, 13132, 15755, 17503, 18757, 19689, 20431, 21001, 21491, 21897 ]

Calculations for 1*x^32+1*x^28+2*x^26+1*x^25+2*x^23+2*x^19+2*x^17+2*x^16+2*x^14\
+2*x^10+2*x^7+1*x^5+1*x^4+1*x^2+2*x^1
p=3
genus, dim ker V^1, ...
Level 1:
[ 31, 16, 24, 27, 29, 30, 31, 31, 31, 31, 31 ]
Level 2:
[ 316, 112, 167, 199, 223, 242, 258, 269, 279, 286, 291 ]
Level 3:
[ 2899, 976, 1470, 1759, 1951, 2087, 2200, 2288, 2351, 2400, 2438 ]
Level 4:
[ 26200, 8752, 13132, 15755, 17503, 18756, 19689, 20432, 21001, 21491, 21897 ]

Calculations for 1*x^32+1*x^31+1*x^29+2*x^28+2*x^26+1*x^25+2*x^23+2*x^20+2*x^19\
+1*x^17+1*x^14+1*x^13+1*x^11+2*x^10+2*x^8+1*x^7+2*x^4
p=3
genus, dim ker V^1, ...
Level 1:
[ 31, 16, 24, 27, 29, 30, 31, 31, 31, 31, 31 ]
Level 2:
[ 316, 115, 167, 199, 223, 242, 259, 271, 280, 287, 291 ]
Level 3:
[ 2899, 979, 1470, 1759, 1951, 2087, 2200, 2290, 2351, 2400, 2438 ]
Level 4:
[ 26200, 8755, 13132, 15755, 17503, 18756, 19689, 20434, 21001, 21492, 21897 ]

Calculations for 1*x^32+1*x^31+1*x^26+1*x^25+1*x^23+1*x^22+1*x^20+1*x^19+2*x^17\
+2*x^16+1*x^14+2*x^13+1*x^11+1*x^10+2*x^7+1*x^4+2*x^2+1*x^1
p=3
genus, dim ker V^1, ...
Level 1:
[ 31, 17, 24, 28, 29, 30, 31, 31, 31, 31, 31 ]
Level 2:
[ 316, 113, 167, 199, 225, 244, 259, 272, 280, 287, 294 ]
Level 3:
[ 2899, 977, 1470, 1761, 1953, 2087, 2203, 2288, 2354, 2400, 2438 ]
Level 4:
[ 26200, 8753, 13132, 15755, 17505, 18756, 19689, 20432, 21001, 21494, 21900 ]

Calculations for 1*x^32+1*x^29+1*x^26+2*x^23+1*x^20+1*x^17+2*x^11+2*x^10+2*x^8+\
1*x^7+2*x^5+1*x^4+1*x^1
p=3
genus, dim ker V^1, ...
Level 1:
[ 31, 17, 25, 28, 29, 30, 31, 31, 31, 31, 31 ]
Level 2:
[ 316, 114, 167, 199, 224, 244, 260, 272, 281, 289, 294 ]
Level 3:
[ 2899, 978, 1471, 1760, 1952, 2087, 2202, 2289, 2354, 2400, 2438 ]
Level 4:
[ 26200, 8754, 13132, 15755, 17504, 18756, 19689, 20433, 21001, 21495, 21900 ]

Calculations for 1*x^34+1*x^32+2*x^31+1*x^29+2*x^28+1*x^26+1*x^25+1*x^23+2*x^20\
+1*x^19+1*x^16+2*x^11+2*x^10+2*x^8+2*x^4+2*x^2
p=3
genus, dim ker V^1, ...
Level 1:
[ 33, 15, 25, 29, 31, 32, 33, 33, 33, 33, 33 ]
Level 2:
[ 336, 119, 177, 211, 237, 258, 275, 288, 298, 305, 311 ]
Level 3:
[ 3081, 1037, 1560, 1869, 2074, 2217, 2338, 2431, 2499, 2550, 2590 ]
Level 4:
[ 27840, 9299, 13953, 16739, 18598, 19928, 20920, 21710, 22314, 22836, 23266 ]

Calculations for 1*x^34+1*x^32+2*x^31+2*x^29+1*x^28+2*x^25+1*x^20+2*x^17+1*x^16\
+1*x^13+2*x^11+2*x^2+1*x^1
p=3
genus, dim ker V^1, ...
Level 1:
[ 33, 15, 25, 29, 31, 33, 33, 33, 33, 33, 33 ]
Level 2:
[ 336, 118, 177, 211, 237, 257, 275, 287, 298, 303, 308 ]
Level 3:
[ 3081, 1037, 1560, 1869, 2073, 2217, 2338, 2431, 2497, 2550, 2590 ]
Level 4:
[ 27840, 9299, 13953, 16739, 18598, 19929, 20920, 21710, 22314, 22835, 23263 ]

Calculations for 1*x^34+1*x^32+2*x^29+1*x^26+2*x^25+2*x^20+1*x^19+1*x^17+1*x^16\
+2*x^13+1*x^11+2*x^10+1*x^8+1*x^7+2*x^2
p=3
genus, dim ker V^1, ...
Level 1:
[ 33, 16, 25, 29, 31, 32, 33, 33, 33, 33, 33 ]
Level 2:
[ 336, 118, 177, 211, 237, 257, 275, 287, 298, 303, 308 ]
Level 3:
[ 3081, 1037, 1560, 1869, 2073, 2217, 2338, 2431, 2497, 2550, 2590 ]
Level 4:
[ 27840, 9299, 13953, 16739, 18598, 19928, 20920, 21710, 22314, 22835, 23263 ]

Calculations for 1*x^34+1*x^28+1*x^26+1*x^25+1*x^22+1*x^20+1*x^19+2*x^17+2*x^16\
+1*x^14+2*x^13+1*x^11+1*x^8+1*x^7+1*x^4+1*x^2+2*x^1
p=3
genus, dim ker V^1, ...
Level 1:
[ 33, 16, 25, 29, 31, 32, 33, 33, 33, 33, 33 ]
Level 2:
[ 336, 118, 177, 211, 237, 257, 275, 288, 298, 303, 308 ]
Level 3:
[ 3081, 1037, 1560, 1869, 2074, 2217, 2338, 2431, 2497, 2550, 2590 ]
Level 4:
[ 27840, 9299, 13953, 16739, 18598, 19928, 20920, 21710, 22314, 22835, 23263 ]

Calculations for 1*x^34+1*x^29+2*x^26+1*x^25+1*x^22+2*x^20+2*x^17+2*x^14+2*x^13\
+1*x^8+2*x^5+2*x^4+2*x^2
p=3
genus, dim ker V^1, ...
Level 1:
[ 33, 17, 25, 29, 31, 32, 33, 33, 33, 33, 33 ]
Level 2:
[ 336, 119, 177, 211, 237, 258, 275, 287, 298, 303, 308 ]
Level 3:
[ 3081, 1037, 1560, 1869, 2073, 2217, 2338, 2431, 2497, 2550, 2590 ]
Level 4:
[ 27840, 9299, 13953, 16739, 18598, 19928, 20920, 21711, 22314, 22835, 23263 ]

Calculations for 1*x^34+1*x^28+2*x^25+2*x^22+2*x^17+2*x^16+2*x^14+1*x^13+2*x^10\
+1*x^5+1*x^4+1*x^2
p=3
genus, dim ker V^1, ...
Level 1:
[ 33, 17, 25, 29, 31, 33, 33, 33, 33, 33, 33 ]
Level 2:
[ 336, 119, 177, 211, 238, 259, 276, 290, 299, 308, 313 ]
Level 3:
[ 3081, 1037, 1560, 1870, 2074, 2217, 2340, 2434, 2501, 2550, 2590 ]
Level 4:
[ 27840, 9299, 13953, 16739, 18599, 19929, 20920, 21712, 22314, 22839, 23269 ]

Calculations for 1*x^34+2*x^32+2*x^31+1*x^28+2*x^26+2*x^23+2*x^22+2*x^19+1*x^17\
+1*x^14+2*x^13+2*x^11+1*x^10+1*x^8+2*x^7+2*x^5+2*x^4+2*x^2+1*x^1
p=3
genus, dim ker V^1, ...
Level 1:
[ 33, 18, 25, 29, 31, 32, 33, 33, 33, 33, 33 ]
Level 2:
[ 336, 122, 177, 211, 238, 259, 277, 289, 300, 307, 312 ]
Level 3:
[ 3081, 1041, 1561, 1870, 2074, 2217, 2339, 2432, 2500, 2550, 2590 ]
Level 4:
[ 27840, 9303, 13953, 16739, 18599, 19928, 20920, 21712, 22314, 22837, 23268 ]

Calculations for 1*x^34+2*x^32+2*x^31+1*x^28+2*x^26+2*x^23+2*x^22+2*x^19+1*x^17\
+1*x^14+2*x^13+2*x^11+1*x^10+1*x^8+2*x^7+2*x^5+2*x^4+2*x^2+1*x^1
p=3
genus, dim ker V^1, ...
Level 1:
[ 33, 18, 25, 29, 31, 32, 33, 33, 33, 33, 33 ]
Level 2:
[ 336, 122, 177, 211, 238, 259, 277, 289, 300, 307, 312 ]
Level 3:
[ 3081, 1041, 1561, 1870, 2074, 2217, 2339, 2432, 2500, 2550, 2590 ]
Level 4:
[ 27840, 9303, 13953, 16739, 18599, 19928, 20920, 21712, 22314, 22837, 23268 ]

Calculations for 1*x^34+2*x^25+2*x^19+2*x^16+1*x^13+1*x^11+2*x^8+2*x^7+1*x^5
p=3
genus, dim ker V^1, ...
Level 1:
[ 33, 19, 26, 30, 32, 33, 33, 33, 33, 33, 33 ]
Level 2:
[ 336, 121, 177, 211, 240, 261, 281, 294, 304, 312, 318 ]
Level 3:
[ 3081, 1039, 1562, 1872, 2076, 2217, 2343, 2436, 2506, 2554, 2590 ]
Level 4:
[ 27840, 9301, 13953, 16739, 18601, 19930, 20920, 21714, 22314, 22842, 23274 ]

Calculations for 1*x^34+2*x^25+2*x^19+2*x^16+1*x^13+1*x^11+2*x^8+2*x^7+1*x^5
p=3
genus, dim ker V^1, ...
Level 1:
[ 33, 19, 26, 30, 32, 33, 33, 33, 33, 33, 33 ]
Level 2:
[ 336, 121, 177, 211, 240, 261, 281, 294, 304, 312, 318 ]
Level 3:
[ 3081, 1039, 1562, 1872, 2076, 2217, 2343, 2436, 2506, 2554, 2590 ]
Level 4:
[ 27840, 9301, 13953, 16739, 18601, 19930, 20920, 21714, 22314, 22842, 23274 ]

Calculations for 1*x^35+1*x^32+2*x^31+2*x^28+1*x^25+2*x^23+1*x^22+2*x^20+2*x^19\
+1*x^16+2*x^14+2*x^11+1*x^10+1*x^8+1*x^7+2*x^5+1*x^4+1*x^2+2*x^1
p=3
genus, dim ker V^1, ...
Level 1:
[ 34, 16, 26, 30, 32, 34, 34, 34, 34, 34, 34 ]
Level 2:
[ 346, 122, 182, 217, 245, 266, 284, 297, 308, 314, 320 ]
Level 3:
[ 3172, 1067, 1606, 1925, 2135, 2282, 2409, 2503, 2573, 2625, 2666 ]
Level 4:
[ 28660, 9573, 14363, 17231, 19146, 20515, 21535, 22349, 22970, 23509, 23950 ]

Calculations for 1*x^35+1*x^31+1*x^28+2*x^26+1*x^25+2*x^22+2*x^20+2*x^19+1*x^17\
+2*x^16+1*x^13+2*x^8+2*x^7+2*x^2+1*x^1
p=3
genus, dim ker V^1, ...
Level 1:
[ 34, 16, 26, 30, 32, 33, 34, 34, 34, 34, 34 ]
Level 2:
[ 346, 122, 182, 217, 245, 266, 284, 296, 308, 314, 320 ]
Level 3:
[ 3172, 1067, 1606, 1925, 2135, 2282, 2409, 2503, 2573, 2625, 2666 ]
Level 4:
[ 28660, 9573, 14363, 17231, 19146, 20514, 21535, 22349, 22970, 23511, 23950 ]

Calculations for 1*x^35+1*x^34+2*x^31+2*x^29+2*x^26+2*x^25+2*x^23+2*x^20+2*x^19\
+2*x^16+2*x^13+1*x^11+1*x^10+2*x^7+1*x^5+1*x^4+1*x^2
p=3
genus, dim ker V^1, ...
Level 1:
[ 34, 17, 26, 30, 32, 33, 34, 34, 34, 34, 34 ]
Level 2:
[ 346, 122, 182, 217, 244, 266, 284, 297, 308, 314, 320 ]
Level 3:
[ 3172, 1067, 1606, 1924, 2134, 2282, 2407, 2504, 2573, 2625, 2666 ]
Level 4:
[ 28660, 9573, 14363, 17231, 19145, 20514, 21535, 22350, 22970, 23508, 23950 ]

Calculations for 1*x^35+2*x^32+1*x^28+1*x^26+2*x^23+1*x^22+1*x^20+1*x^19+2*x^17\
+2*x^16+2*x^13+2*x^11+1*x^8+1*x^7+2*x^2
p=3
genus, dim ker V^1, ...
Level 1:
[ 34, 17, 26, 30, 32, 33, 34, 34, 34, 34, 34 ]
Level 2:
[ 346, 122, 182, 217, 245, 265, 284, 296, 308, 313, 318 ]
Level 3:
[ 3172, 1067, 1606, 1925, 2135, 2282, 2407, 2503, 2571, 2625, 2666 ]
Level 4:
[ 28660, 9573, 14363, 17231, 19146, 20514, 21535, 22349, 22970, 23508, 23948 ]

Calculations for 1*x^35+2*x^29+2*x^28+2*x^26+2*x^22+2*x^20+1*x^19+2*x^17+1*x^16\
+1*x^14+2*x^11+2*x^8+2*x^7+2*x^5+2*x^4+1*x^2
p=3
genus, dim ker V^1, ...
Level 1:
[ 34, 18, 26, 30, 32, 33, 34, 34, 34, 34, 34 ]
Level 2:
[ 346, 125, 182, 217, 245, 266, 284, 296, 308, 315, 322 ]
Level 3:
[ 3172, 1070, 1606, 1925, 2135, 2282, 2409, 2503, 2575, 2625, 2666 ]
Level 4:
[ 28660, 9575, 14363, 17231, 19146, 20514, 21535, 22349, 22970, 23510, 23952 ]

Calculations for 1*x^35+2*x^31+2*x^28+2*x^23+1*x^22+2*x^20+2*x^19+2*x^16+2*x^14\
+1*x^10+2*x^7+2*x^2+1*x^1
p=3
genus, dim ker V^1, ...
Level 1:
[ 34, 18, 26, 30, 33, 34, 34, 34, 34, 34, 34 ]
Level 2:
[ 346, 123, 182, 217, 244, 265, 284, 297, 308, 313, 318 ]
Level 3:
[ 3172, 1068, 1606, 1924, 2134, 2282, 2407, 2503, 2571, 2626, 2666 ]
Level 4:
[ 28660, 9573, 14363, 17231, 19145, 20515, 21535, 22349, 22970, 23507, 23948 ]

Calculations for 1*x^35+1*x^34+1*x^29+1*x^28+2*x^26+2*x^25+1*x^23+1*x^22+1*x^20\
+1*x^19+2*x^17+2*x^16+2*x^14+1*x^13+1*x^7+2*x^5+1*x^4
p=3
genus, dim ker V^1, ...
Level 1:
[ 34, 19, 27, 31, 32, 33, 34, 34, 34, 34, 34 ]
Level 2:
[ 346, 124, 182, 217, 246, 267, 285, 300, 309, 317, 324 ]
Level 3:
[ 3172, 1069, 1607, 1926, 2136, 2282, 2410, 2505, 2576, 2625, 2666 ]
Level 4:
[ 28660, 9574, 14363, 17231, 19147, 20514, 21535, 22350, 22970, 23512, 23954 ]

Calculations for 1*x^35+2*x^34+1*x^32+1*x^31+2*x^29+1*x^28+1*x^25+2*x^23+2*x^20\
+2*x^17+1*x^14+1*x^13+2*x^11+2*x^10+1*x^8+2*x^5+1*x^2+2*x^1
p=3
genus, dim ker V^1, ...
Level 1:
[ 34, 19, 26, 30, 32, 34, 34, 34, 34, 34, 34 ]
Level 2:
[ 346, 124, 182, 217, 244, 266, 285, 299, 309, 315, 320 ]
Level 3:
[ 3172, 1069, 1606, 1924, 2134, 2282, 2407, 2507, 2573, 2625, 2666 ]
Level 4:
[ 28660, 9574, 14363, 17231, 19145, 20515, 21535, 22352, 22970, 23507, 23950 ]

Calculations for 1*x^35+1*x^34+2*x^32+2*x^31+1*x^29+1*x^28+1*x^26+1*x^25+2*x^23\
+2*x^22+2*x^20+2*x^19+1*x^14+1*x^13+2*x^11+1*x^10+2*x^8+1*x^7+2*x^5+1*x^4+1*x^2\
+1*x^1
p=3
genus, dim ker V^1, ...
Level 1:
[ 34, 20, 27, 31, 32, 33, 34, 34, 34, 34, 34 ]
Level 2:
[ 346, 125, 182, 217, 246, 269, 288, 301, 312, 321, 327 ]
Level 3:
[ 3172, 1070, 1607, 1926, 2136, 2282, 2411, 2508, 2578, 2625, 2666 ]
Level 4:
[ 28660, 9575, 14363, 17231, 19147, 20514, 21535, 22353, 22970, 23513, 23957 ]

Calculations for 1*x^35+1*x^34+2*x^32+2*x^31+1*x^29+1*x^28+1*x^26+1*x^25+2*x^23\
+2*x^22+2*x^20+2*x^19+1*x^14+1*x^13+2*x^11+1*x^10+2*x^8+1*x^7+2*x^5+1*x^4+1*x^2\
+1*x^1
p=3
genus, dim ker V^1, ...
Level 1:
[ 34, 20, 27, 31, 32, 33, 34, 34, 34, 34, 34 ]
Level 2:
[ 346, 125, 182, 217, 246, 269, 288, 301, 312, 321, 327 ]
Level 3:
[ 3172, 1070, 1607, 1926, 2136, 2282, 2411, 2508, 2578, 2625, 2666 ]
Level 4:
[ 28660, 9575, 14363, 17231, 19147, 20514, 21535, 22353, 22970, 23513, 23957 ]

Calculations for 1*x^37+1*x^35+2*x^34+1*x^32+2*x^31+1*x^29+2*x^26+1*x^25+1*x^23\
+1*x^22+2*x^20+2*x^16+2*x^13+1*x^11+2*x^10+2*x^8+2*x^5+1*x^4+1*x^2+2*x^1
p=3
genus, dim ker V^1, ...
Level 1:
[ 36, 16, 27, 31, 34, 35, 36, 36, 36, 36, 36 ]
Level 2:
[ 366, 130, 193, 230, 259, 280, 298, 310, 322, 329, 336 ]
Level 3:
[ 3354, 1129, 1699, 2035, 2257, 2413, 2545, 2643, 2719, 2776, 2819 ]
Level 4:
[ 30300, 10120, 15184, 18217, 20239, 21687, 22765, 23622, 24282, 24851, 25318 ]

Calculations for 1*x^37+1*x^35+2*x^34+1*x^32+2*x^31+1*x^29+2*x^26+1*x^25+1*x^23\
+1*x^19+2*x^16+1*x^14+2*x^13+1*x^10+1*x^8+2*x^7+1*x^5+1*x^4+1*x^1
p=3
genus, dim ker V^1, ...
Level 1:
[ 36, 16, 27, 31, 34, 35, 36, 36, 36, 36, 36 ]
Level 2:
[ 366, 129, 193, 230, 259, 281, 298, 311, 322, 330, 338 ]
Level 3:
[ 3354, 1128, 1699, 2035, 2257, 2413, 2545, 2643, 2720, 2776, 2819 ]
Level 4:
[ 30300, 10119, 15184, 18217, 20239, 21687, 22765, 23622, 24282, 24852, 25320 ]

Calculations for 1*x^37+1*x^35+1*x^34+1*x^31+1*x^28+1*x^26+1*x^25+2*x^23+1*x^20\
+1*x^17+2*x^16+1*x^14+1*x^13+2*x^11+2*x^10+2*x^8+2*x^7+1*x^5+1*x^4+1*x^1
p=3
genus, dim ker V^1, ...
Level 1:
[ 36, 17, 27, 31, 34, 35, 36, 36, 36, 36, 36 ]
Level 2:
[ 366, 129, 193, 230, 259, 280, 298, 310, 322, 330, 337 ]
Level 3:
[ 3354, 1128, 1699, 2035, 2257, 2413, 2545, 2643, 2719, 2776, 2819 ]
Level 4:
[ 30300, 10119, 15184, 18217, 20239, 21687, 22765, 23622, 24282, 24851, 25319 ]

Calculations for 1*x^37+1*x^34+1*x^32+1*x^31+2*x^28+2*x^26+2*x^25+1*x^23+1*x^22\
+2*x^20+1*x^16+1*x^14+2*x^11+2*x^10+1*x^8+2*x^7+1*x^4+2*x^2+1*x^1
p=3
genus, dim ker V^1, ...
Level 1:
[ 36, 17, 27, 32, 34, 35, 36, 36, 36, 36, 36 ]
Level 2:
[ 366, 130, 193, 230, 259, 281, 298, 311, 322, 330, 338 ]
Level 3:
[ 3354, 1129, 1699, 2035, 2257, 2413, 2548, 2644, 2721, 2776, 2819 ]
Level 4:
[ 30300, 10120, 15184, 18217, 20239, 21687, 22765, 23623, 24282, 24853, 25320 ]

Calculations for 1*x^37+1*x^32+1*x^31+2*x^29+1*x^28+1*x^26+1*x^25+1*x^23+2*x^22\
+2*x^20+2*x^19+2*x^17+1*x^13+1*x^11+2*x^10+1*x^8+1*x^7+1*x^5+2*x^2+1*x^1
p=3
genus, dim ker V^1, ...
Level 1:
[ 36, 18, 27, 31, 34, 35, 36, 36, 36, 36, 36 ]
Level 2:
[ 366, 129, 193, 230, 259, 280, 298, 311, 322, 329, 336 ]
Level 3:
[ 3354, 1128, 1699, 2035, 2257, 2413, 2545, 2643, 2719, 2776, 2819 ]
Level 4:
[ 30300, 10119, 15184, 18217, 20239, 21687, 22765, 23622, 24282, 24852, 25318 ]

Calculations for 1*x^37+1*x^35+1*x^34+1*x^32+1*x^29+1*x^26+1*x^25+2*x^23+1*x^22\
+2*x^20+2*x^19+1*x^17+2*x^16+1*x^14+1*x^13+2*x^11+2*x^10+1*x^7+2*x^5+1*x^2+1*x^\
1
p=3
genus, dim ker V^1, ...
Level 1:
[ 36, 18, 27, 31, 34, 35, 36, 36, 36, 36, 36 ]
Level 2:
[ 366, 132, 193, 230, 259, 280, 298, 310, 322, 329, 336 ]
Level 3:
[ 3354, 1131, 1699, 2035, 2257, 2413, 2545, 2643, 2719, 2776, 2819 ]
Level 4:
[ 30300, 10122, 15184, 18217, 20239, 21687, 22765, 23622, 24282, 24851, 25318 ]

Calculations for 1*x^37+1*x^35+2*x^34+2*x^32+2*x^31+2*x^29+1*x^28+1*x^26+2*x^25\
+2*x^23+2*x^22+2*x^20+1*x^16+1*x^14+2*x^11+2*x^8+2*x^7+2*x^5+1*x^4+1*x^2
p=3
genus, dim ker V^1, ...
Level 1:
[ 36, 19, 28, 32, 34, 35, 36, 36, 36, 36, 36 ]
Level 2:
[ 366, 131, 193, 230, 260, 282, 299, 311, 323, 332, 340 ]
Level 3:
[ 3354, 1130, 1700, 2036, 2258, 2413, 2548, 2645, 2722, 2776, 2819 ]
Level 4:
[ 30300, 10121, 15184, 18217, 20240, 21687, 22765, 23624, 24282, 24854, 25322 ]

Calculations for 1*x^37+1*x^34+1*x^31+2*x^25+2*x^22+1*x^19+2*x^17+2*x^16+2*x^13\
+1*x^11+1*x^10+2*x^7+1*x^2+1*x^1
p=3
genus, dim ker V^1, ...
Level 1:
[ 36, 19, 27, 32, 34, 36, 36, 36, 36, 36, 36 ]
Level 2:
[ 366, 130, 193, 230, 260, 283, 300, 313, 324, 334, 341 ]
Level 3:
[ 3354, 1129, 1699, 2036, 2258, 2413, 2548, 2646, 2723, 2776, 2819 ]
Level 4:
[ 30300, 10120, 15184, 18217, 20240, 21688, 22765, 23625, 24282, 24854, 25323 ]

Calculations for 1*x^38+1*x^37+2*x^35+1*x^34+2*x^32+1*x^31+2*x^29+1*x^26+1*x^25\
+1*x^23+1*x^22+2*x^20+2*x^19+1*x^17+1*x^16+2*x^14+1*x^13+1*x^8+1*x^5
p=3
genus, dim ker V^1, ...
Level 1:
[ 37, 17, 28, 32, 35, 36, 37, 37, 37, 37, 37 ]
Level 2:
[ 376, 133, 198, 236, 266, 288, 306, 319, 331, 339, 347 ]
Level 3:
[ 3445, 1159, 1745, 2090, 2318, 2478, 2614, 2715, 2793, 2851, 2895 ]
Level 4:
[ 31120, 10393, 15594, 18709, 20786, 22273, 23381, 24262, 24939, 25523, 26004 ]

Calculations for 1*x^38+2*x^37+2*x^35+2*x^32+2*x^31+2*x^29+2*x^28+2*x^26+2*x^25\
+2*x^22+1*x^20+2*x^19+2*x^16+1*x^13+1*x^10+2*x^7+2*x^2+2*x^1
p=3
genus, dim ker V^1, ...
Level 1:
[ 37, 17, 28, 32, 35, 36, 37, 37, 37, 37, 37 ]
Level 2:
[ 376, 132, 198, 236, 266, 288, 306, 319, 331, 339, 347 ]
Level 3:
[ 3445, 1160, 1745, 2090, 2318, 2478, 2614, 2716, 2794, 2851, 2895 ]
Level 4:
[ 31120, 10394, 15594, 18709, 20786, 22273, 23381, 24262, 24939, 25523, 26004 ]

Calculations for 1*x^38+2*x^37+1*x^35+2*x^34+1*x^32+2*x^31+1*x^29+1*x^28+1*x^26\
+2*x^25+2*x^23+2*x^22+2*x^14+2*x^11+1*x^8+2*x^7+1*x^5+1*x^2+1*x^1
p=3
genus, dim ker V^1, ...
Level 1:
[ 37, 18, 28, 33, 35, 36, 37, 37, 37, 37, 37 ]
Level 2:
[ 376, 133, 198, 236, 267, 288, 306, 319, 331, 338, 345 ]
Level 3:
[ 3445, 1159, 1745, 2091, 2319, 2478, 2614, 2715, 2792, 2851, 2895 ]
Level 4:
[ 31120, 10393, 15594, 18709, 20787, 22273, 23381, 24263, 24939, 25524, 26002 ]

Calculations for 1*x^38+1*x^37+1*x^35+1*x^34+1*x^32+1*x^31+2*x^29+2*x^25+1*x^23\
+1*x^20+1*x^19+2*x^11+2*x^7+2*x^2
p=3
genus, dim ker V^1, ...
Level 1:
[ 37, 18, 28, 33, 35, 37, 37, 37, 37, 37, 37 ]
Level 2:
[ 376, 134, 198, 236, 267, 288, 306, 319, 331, 338, 345 ]
Level 3:
[ 3445, 1160, 1745, 2091, 2319, 2478, 2614, 2715, 2792, 2851, 2895 ]
Level 4:
[ 31120, 10394, 15594, 18709, 20787, 22274, 23381, 24262, 24939, 25524, 26002 ]

Calculations for 1*x^38+1*x^35+2*x^34+2*x^29+1*x^28+2*x^26+1*x^25+2*x^23+2*x^17\
+2*x^16+1*x^14+1*x^10+2*x^8+1*x^7+1*x^5+1*x^4+2*x^1
p=3
genus, dim ker V^1, ...
Level 1:
[ 37, 19, 28, 32, 35, 36, 37, 37, 37, 37, 37 ]
Level 2:
[ 376, 133, 198, 236, 266, 288, 306, 319, 331, 338, 345 ]
Level 3:
[ 3445, 1159, 1745, 2090, 2318, 2478, 2614, 2715, 2792, 2851, 2895 ]
Level 4:
[ 31120, 10393, 15594, 18709, 20786, 22273, 23381, 24262, 24939, 25523, 26002 ]

Calculations for 1*x^38+2*x^35+2*x^34+2*x^31+2*x^28+1*x^26+2*x^25+1*x^22+1*x^20\
+2*x^17+1*x^16+1*x^14+1*x^10+2*x^7+2*x^5+2*x^4+1*x^2+1*x^1
p=3
genus, dim ker V^1, ...
Level 1:
[ 37, 19, 28, 32, 35, 36, 37, 37, 37, 37, 37 ]
Level 2:
[ 376, 135, 198, 236, 266, 288, 306, 319, 331, 338, 345 ]
Level 3:
[ 3445, 1162, 1745, 2090, 2318, 2478, 2614, 2715, 2792, 2851, 2895 ]
Level 4:
[ 31120, 10396, 15594, 18709, 20786, 22273, 23381, 24263, 24939, 25523, 26002 ]

Calculations for 1*x^38+1*x^37+2*x^35+1*x^34+1*x^31+2*x^29+2*x^28+1*x^25+2*x^23\
+2*x^22+1*x^20+2*x^19+2*x^16+2*x^14+1*x^13+2*x^11+2*x^8+2*x^4+1*x^2
p=3
genus, dim ker V^1, ...
Level 1:
[ 37, 20, 28, 32, 35, 37, 37, 37, 37, 37, 37 ]
Level 2:
[ 376, 134, 198, 236, 266, 289, 308, 321, 333, 341, 347 ]
Level 3:
[ 3445, 1160, 1745, 2090, 2318, 2478, 2614, 2717, 2793, 2851, 2895 ]
Level 4:
[ 31120, 10394, 15594, 18709, 20786, 22274, 23381, 24263, 24939, 25523, 26004 ]

Calculations for 1*x^38+1*x^37+1*x^35+2*x^34+1*x^32+1*x^31+2*x^29+1*x^25+1*x^23\
+1*x^20+1*x^17+1*x^14+2*x^13+1*x^10+1*x^8+2*x^7+2*x^5+2*x^4+1*x^2+2*x^1
p=3
genus, dim ker V^1, ...
Level 1:
[ 37, 20, 28, 32, 35, 37, 37, 37, 37, 37, 37 ]
Level 2:
[ 376, 134, 198, 236, 266, 289, 308, 322, 333, 342, 349 ]
Level 3:
[ 3445, 1160, 1745, 2090, 2318, 2478, 2614, 2716, 2795, 2851, 2895 ]
Level 4:
[ 31120, 10394, 15594, 18709, 20786, 22274, 23381, 24263, 24939, 25525, 26006 ]

Calculations for 1*x^38+2*x^37+1*x^35+2*x^34+1*x^32+2*x^31+2*x^23+1*x^22+1*x^20\
+2*x^19+2*x^14+1*x^13+1*x^10+1*x^7+2*x^5
p=3
genus, dim ker V^1, ...
Level 1:
[ 37, 21, 29, 33, 35, 37, 37, 37, 37, 37, 37 ]
Level 2:
[ 376, 136, 198, 236, 268, 291, 309, 324, 334, 344, 353 ]
Level 3:
[ 3445, 1162, 1746, 2092, 2320, 2478, 2617, 2719, 2798, 2851, 2895 ]
Level 4:
[ 31120, 10396, 15594, 18709, 20788, 22274, 23381, 24265, 24939, 25528, 26010 ]

Calculations for 1*x^38+2*x^37+1*x^35+2*x^34+1*x^32+2*x^31+2*x^23+1*x^22+1*x^20\
+2*x^19+2*x^14+1*x^13+1*x^10+1*x^7+2*x^5
p=3
genus, dim ker V^1, ...
Level 1:
[ 37, 21, 29, 33, 35, 37, 37, 37, 37, 37, 37 ]
Level 2:
[ 376, 136, 198, 236, 268, 291, 309, 324, 334, 344, 353 ]
Level 3:
[ 3445, 1162, 1746, 2092, 2320, 2478, 2617, 2719, 2798, 2851, 2895 ]
Level 4:
[ 31120, 10396, 15594, 18709, 20788, 22274, 23381, 24265, 24939, 25528, 26010 ]

Calculations for 1*x^40+2*x^38+1*x^37+1*x^35+1*x^32+1*x^31+2*x^25+1*x^23+1*x^20\
+1*x^17+1*x^16+2*x^11+2*x^10+1*x^7+1*x^4+2*x^1
p=3
genus, dim ker V^1, ...
Level 1:
[ 39, 22, 31, 35, 37, 39, 39, 39, 39, 39, 39 ]
Level 2:
[ 396, 142, 208, 248, 280, 304, 325, 340, 352, 358, 364 ]
Level 3:
[ 3627, 1222, 1837, 2200, 2440, 2608, 2752, 2861, 2939, 3005, 3047 ]
Level 4:
[ 32760, 10942, 16415, 19693, 21880, 23447, 24611, 25542, 26251, 26868, 27370 ]

Calculations for 1*x^40+2*x^38+1*x^37+1*x^35+1*x^32+1*x^31+2*x^25+1*x^23+1*x^20\
+1*x^17+1*x^16+2*x^11+2*x^10+1*x^7+1*x^4+2*x^1
p=3
genus, dim ker V^1, ...
Level 1:
[ 39, 22, 31, 35, 37, 39, 39, 39, 39, 39, 39 ]
Level 2:
[ 396, 142, 208, 248, 280, 304, 325, 340, 352, 358, 364 ]
Level 3:
[ 3627, 1222, 1837, 2200, 2440, 2608, 2752, 2861, 2939, 3005, 3047 ]
Level 4:
[ 32760, 10942, 16415, 19693, 21880, 23447, 24611, 25542, 26251, 26868, 27370 ]

Calculations for 1*x^40+1*x^38+2*x^35+1*x^34+1*x^29+1*x^28+1*x^23+1*x^22+1*x^20\
+2*x^17+2*x^16+2*x^13+1*x^11+1*x^10+2*x^7+1*x^5+1*x^2
p=3
genus, dim ker V^1, ...
Level 1:
[ 39, 18, 30, 34, 37, 39, 39, 39, 39, 39, 39 ]
Level 2:
[ 396, 139, 208, 248, 279, 302, 324, 339, 351, 356, 361 ]
Level 3:
[ 3627, 1221, 1836, 2199, 2439, 2608, 2749, 2860, 2936, 3001, 3047 ]
Level 4:
[ 32760, 10941, 16415, 19693, 21879, 23446, 24611, 25542, 26251, 26864, 27367 ]

Calculations for 1*x^40+1*x^37+2*x^32+2*x^31+1*x^29+2*x^28+1*x^25+1*x^22+1*x^19\
+1*x^17+2*x^14+2*x^13+1*x^10+2*x^8+2*x^7+2*x^5+1*x^1
p=3
genus, dim ker V^1, ...
Level 1:
[ 39, 18, 30, 34, 37, 39, 39, 39, 39, 39, 39 ]
Level 2:
[ 396, 139, 208, 248, 279, 303, 324, 338, 351, 357, 363 ]
Level 3:
[ 3627, 1220, 1836, 2199, 2439, 2608, 2750, 2860, 2938, 3001, 3047 ]
Level 4:
[ 32760, 10940, 16415, 19693, 21879, 23446, 24611, 25541, 26251, 26866, 27369 ]

Calculations for 1*x^40+1*x^38+2*x^35+1*x^34+2*x^31+2*x^29+2*x^23+2*x^22+2*x^19\
+1*x^17+2*x^16+2*x^14+1*x^13+1*x^11+1*x^10+2*x^5+2*x^4+1*x^2+1*x^1
p=3
genus, dim ker V^1, ...
Level 1:
[ 39, 19, 30, 35, 37, 39, 39, 39, 39, 39, 39 ]
Level 2:
[ 396, 139, 208, 248, 279, 302, 324, 340, 351, 356, 361 ]
Level 3:
[ 3627, 1220, 1836, 2199, 2439, 2608, 2749, 2861, 2936, 3001, 3047 ]
Level 4:
[ 32760, 10940, 16415, 19693, 21879, 23446, 24611, 25543, 26251, 26864, 27367 ]

Calculations for 1*x^40+1*x^38+1*x^37+2*x^35+1*x^34+2*x^32+2*x^31+1*x^29+1*x^28\
+2*x^26+1*x^23+1*x^22+1*x^19+1*x^17+2*x^16+1*x^14+1*x^13+1*x^11+2*x^10+1*x^8+2*\
x^7+2*x^5+1*x^4+1*x^2+1*x^1
p=3
genus, dim ker V^1, ...
Level 1:
[ 39, 19, 30, 35, 37, 38, 39, 39, 39, 39, 39 ]
Level 2:
[ 396, 139, 208, 248, 279, 304, 324, 339, 351, 358, 365 ]
Level 3:
[ 3627, 1221, 1836, 2199, 2439, 2608, 2751, 2861, 2940, 3001, 3047 ]
Level 4:
[ 32760, 10941, 16415, 19693, 21879, 23445, 24611, 25541, 26251, 26865, 27371 ]

Calculations for 1*x^40+2*x^38+2*x^37+1*x^35+2*x^34+1*x^32+1*x^31+2*x^29+2*x^25\
+1*x^23+2*x^22+1*x^20+2*x^19+1*x^16+2*x^11+2*x^8+1*x^7+2*x^4
p=3
genus, dim ker V^1, ...
Level 1:
[ 39, 20, 30, 34, 37, 39, 39, 39, 39, 39, 39 ]
Level 2:
[ 396, 140, 208, 248, 279, 303, 324, 339, 351, 357, 363 ]
Level 3:
[ 3627, 1220, 1836, 2199, 2439, 2608, 2750, 2860, 2938, 3001, 3047 ]
Level 4:
[ 32760, 10940, 16415, 19693, 21879, 23446, 24611, 25542, 26251, 26865, 27369 ]

Calculations for 1*x^40+2*x^37+1*x^32+2*x^31+1*x^29+1*x^28+2*x^25+1*x^22+1*x^20\
+1*x^17+1*x^16+1*x^14+1*x^13+2*x^11+2*x^8+2*x^7+1*x^5+1*x^4+1*x^2+1*x^1
p=3
genus, dim ker V^1, ...
Level 1:
[ 39, 20, 30, 34, 37, 39, 39, 39, 39, 39, 39 ]
Level 2:
[ 396, 140, 208, 248, 279, 303, 324, 339, 351, 357, 363 ]
Level 3:
[ 3627, 1220, 1836, 2199, 2439, 2608, 2750, 2861, 2938, 3001, 3047 ]
Level 4:
[ 32760, 10940, 16415, 19693, 21879, 23446, 24611, 25541, 26251, 26865, 27369 ]

Calculations for 1*x^40+2*x^35+1*x^34+1*x^32+1*x^31+1*x^22+1*x^19+2*x^17+1*x^16\
+2*x^13+2*x^11+1*x^10+1*x^8+2*x^7+1*x^5+1*x^4+1*x^2+2*x^1
p=3
genus, dim ker V^1, ...
Level 1:
[ 39, 21, 30, 35, 38, 39, 39, 39, 39, 39, 39 ]
Level 2:
[ 396, 141, 208, 248, 280, 304, 324, 338, 351, 358, 365 ]
Level 3:
[ 3627, 1221, 1836, 2200, 2440, 2608, 2752, 2862, 2940, 3005, 3047 ]
Level 4:
[ 32760, 10941, 16415, 19693, 21880, 23447, 24611, 25542, 26251, 26868, 27371 ]

Calculations for 1*x^40+1*x^38+1*x^37+1*x^35+1*x^34+2*x^31+2*x^29+1*x^28+1*x^26\
+1*x^25+2*x^23+1*x^20+1*x^19+1*x^17+2*x^16+1*x^14+2*x^13+1*x^10+1*x^8+2*x^1
p=3
genus, dim ker V^1, ...
Level 1:
[ 39, 21, 30, 34, 37, 38, 39, 39, 39, 39, 39 ]
Level 2:
[ 396, 141, 208, 248, 279, 302, 324, 338, 351, 356, 361 ]
Level 3:
[ 3627, 1221, 1836, 2199, 2439, 2608, 2749, 2860, 2936, 3001, 3047 ]
Level 4:
[ 32760, 10941, 16415, 19693, 21879, 23445, 24611, 25541, 26251, 26864, 27367 ]

Calculations for 1*x^41+1*x^29+1*x^20+1*x^11+2*x^10+2*x^7+1*x^5+2*x^4+1*x^1
p=3
genus, dim ker V^1, ...
Level 1:
[ 40, 22, 31, 36, 40, 40, 40, 40, 40, 40, 40 ]
Level 2:
[ 406, 147, 214, 255, 290, 317, 337, 356, 367, 376, 385 ]
Level 3:
[ 3718, 1254, 1884, 2257, 2504, 2674, 2828, 2941, 3024, 3081, 3124 ]
Level 4:
[ 33580, 11217, 16826, 20186, 22431, 24034, 25227, 26188, 26908, 27550, 28068 ]

Calculations for 1*x^41+2*x^38+2*x^32+1*x^26+1*x^20+1*x^13+2*x^11+2*x^8+2*x^7+2\
*x^5+2*x^4+2*x^2+2*x^1
p=3
genus, dim ker V^1, ...
Level 1:
[ 40, 22, 31, 35, 38, 39, 40, 40, 40, 40, 40 ]
Level 2:
[ 406, 146, 214, 255, 288, 313, 335, 351, 363, 372, 377 ]
Level 3:
[ 3718, 1253, 1884, 2256, 2502, 2674, 2822, 2936, 3016, 3077, 3124 ]
Level 4:
[ 33580, 11216, 16826, 20186, 22429, 24032, 25227, 26185, 26908, 27541, 28060 ]

Calculations for 1*x^41+2*x^40+2*x^37+1*x^35+1*x^34+2*x^28+1*x^26+2*x^25+1*x^23\
+2*x^22+1*x^20+1*x^17+1*x^16+2*x^14+2*x^13+1*x^10+2*x^4+2*x^2
p=3
genus, dim ker V^1, ...
Level 1:
[ 40, 18, 30, 34, 38, 39, 40, 40, 40, 40, 40 ]
Level 2:
[ 406, 144, 214, 255, 286, 310, 332, 347, 360, 366, 372 ]
Level 3:
[ 3718, 1251, 1882, 2254, 2500, 2674, 2819, 2932, 3012, 3077, 3124 ]
Level 4:
[ 33580, 11214, 16826, 20186, 22427, 24032, 25227, 26181, 26908, 27537, 28054 ]

Calculations for 1*x^41+2*x^40+1*x^37+2*x^35+1*x^34+1*x^32+2*x^31+1*x^29+2*x^28\
+1*x^26+1*x^25+2*x^22+2*x^19+2*x^17+2*x^14+2*x^11+2*x^10+1*x^8+2*x^7+2*x^4+1*x^\
1
p=3
genus, dim ker V^1, ...
Level 1:
[ 40, 18, 30, 34, 38, 39, 40, 40, 40, 40, 40 ]
Level 2:
[ 406, 143, 214, 255, 286, 309, 332, 347, 360, 365, 370 ]
Level 3:
[ 3718, 1250, 1882, 2254, 2500, 2674, 2818, 2932, 3010, 3077, 3124 ]
Level 4:
[ 33580, 11214, 16826, 20186, 22427, 24032, 25227, 26180, 26908, 27536, 28052 ]

Calculations for 1*x^41+2*x^38+2*x^37+1*x^34+1*x^32+1*x^31+1*x^29+2*x^22+2*x^20\
+2*x^19+2*x^17+1*x^13+1*x^11+2*x^8+1*x^7+1*x^5+1*x^2+2*x^1
p=3
genus, dim ker V^1, ...
Level 1:
[ 40, 19, 30, 35, 39, 40, 40, 40, 40, 40, 40 ]
Level 2:
[ 406, 143, 214, 255, 287, 310, 332, 347, 360, 365, 370 ]
Level 3:
[ 3718, 1250, 1882, 2254, 2501, 2674, 2818, 2932, 3010, 3078, 3124 ]
Level 4:
[ 33580, 11215, 16826, 20186, 22427, 24034, 25227, 26180, 26908, 27537, 28052 ]

Calculations for 1*x^41+2*x^37+2*x^34+2*x^31+2*x^28+2*x^25+2*x^20+2*x^19+1*x^17\
+2*x^16+1*x^14+1*x^11+2*x^8+2*x^7+2*x^5+1*x^2+1*x^1
p=3
genus, dim ker V^1, ...
Level 1:
[ 40, 19, 30, 35, 38, 40, 40, 40, 40, 40, 40 ]
Level 2:
[ 406, 144, 214, 255, 286, 311, 332, 347, 360, 368, 375 ]
Level 3:
[ 3718, 1251, 1882, 2254, 2500, 2674, 2820, 2932, 3014, 3077, 3124 ]
Level 4:
[ 33580, 11214, 16826, 20186, 22427, 24033, 25227, 26181, 26908, 27537, 28057 ]

Calculations for 1*x^41+1*x^38+1*x^37+1*x^32+2*x^31+2*x^28+2*x^26+2*x^25+1*x^22\
+1*x^20+2*x^16+2*x^14+1*x^10+1*x^7+1*x^5+1*x^4
p=3
genus, dim ker V^1, ...
Level 1:
[ 40, 20, 30, 35, 38, 39, 40, 40, 40, 40, 40 ]
Level 2:
[ 406, 143, 214, 255, 286, 311, 332, 348, 360, 368, 375 ]
Level 3:
[ 3718, 1250, 1882, 2254, 2500, 2674, 2820, 2932, 3014, 3077, 3124 ]
Level 4:
[ 33580, 11214, 16826, 20186, 22427, 24032, 25227, 26180, 26908, 27538, 28057 ]

Calculations for 1*x^41+1*x^38+2*x^37+1*x^35+2*x^32+2*x^29+2*x^28+1*x^26+1*x^22\
+1*x^20+1*x^19+1*x^17+1*x^16+2*x^11+1*x^8+1*x^7+2*x^5+2*x^4+1*x^1
p=3
genus, dim ker V^1, ...
Level 1:
[ 40, 20, 30, 35, 38, 39, 40, 40, 40, 40, 40 ]
Level 2:
[ 406, 143, 214, 255, 286, 310, 332, 348, 360, 365, 370 ]
Level 3:
[ 3718, 1250, 1882, 2254, 2500, 2674, 2818, 2933, 3010, 3077, 3124 ]
Level 4:
[ 33580, 11214, 16826, 20186, 22427, 24032, 25227, 26180, 26908, 27536, 28052 ]

Calculations for 1*x^41+2*x^40+1*x^38+2*x^37+2*x^23+1*x^22+2*x^19+1*x^17+2*x^14\
+1*x^11+1*x^10+2*x^5+2*x^4+1*x^2+2*x^1
p=3
genus, dim ker V^1, ...
Level 1:
[ 40, 21, 31, 36, 38, 40, 40, 40, 40, 40, 40 ]
Level 2:
[ 406, 144, 214, 255, 288, 313, 333, 351, 361, 371, 379 ]
Level 3:
[ 3718, 1251, 1883, 2256, 2503, 2674, 2824, 2934, 3018, 3080, 3124 ]
Level 4:
[ 33580, 11214, 16826, 20186, 22429, 24034, 25227, 26181, 26908, 27543, 28062 ]

Calculations for 1*x^41+2*x^40+1*x^38+2*x^37+2*x^23+1*x^22+2*x^19+1*x^17+2*x^14\
+1*x^11+1*x^10+2*x^5+2*x^4+1*x^2+2*x^1
p=3
genus, dim ker V^1, ...
Level 1:
[ 40, 21, 31, 36, 38, 40, 40, 40, 40, 40, 40 ]
Level 2:
[ 406, 144, 214, 255, 288, 313, 333, 351, 361, 371, 379 ]
Level 3:
[ 3718, 1251, 1883, 2256, 2503, 2674, 2824, 2934, 3018, 3080, 3124 ]
Level 4:
[ 33580, 11214, 16826, 20186, 22429, 24034, 25227, 26181, 26908, 27543, 28062 ]

Calculations for 1*x^43+1*x^41+2*x^40+2*x^38+2*x^35+2*x^34+2*x^32+1*x^29+2*x^28\
+1*x^26+1*x^25+2*x^23+1*x^22+1*x^20+1*x^17+2*x^16+2*x^13+2*x^11+1*x^7+2*x^5+2*x\
^4+2*x^1
p=3
genus, dim ker V^1, ...
Level 1:
[ 42, 22, 32, 36, 40, 41, 42, 42, 42, 42, 42 ]
Level 2:
[ 426, 151, 224, 267, 300, 325, 348, 362, 376, 385, 390 ]
Level 3:
[ 3900, 1312, 1974, 2364, 2622, 2804, 2956, 3073, 3158, 3227, 3276 ]
Level 4:
[ 35220, 11761, 17647, 21170, 23521, 25204, 26457, 27454, 28220, 28879, 29422 ]

Calculations for 1*x^43+1*x^40+1*x^31+1*x^28+2*x^25+1*x^20+2*x^17+1*x^16+2*x^14\
+1*x^13+1*x^11+2*x^10+1*x^8+2*x^7+1*x^4+1*x^1
p=3
genus, dim ker V^1, ...
Level 1:
[ 42, 22, 32, 38, 40, 42, 42, 42, 42, 42, 42 ]
Level 2:
[ 426, 151, 224, 267, 301, 328, 351, 370, 381, 390, 397 ]
Level 3:
[ 3900, 1312, 1974, 2365, 2623, 2804, 2960, 3079, 3164, 3227, 3276 ]
Level 4:
[ 35220, 11761, 17647, 21170, 23522, 25205, 26457, 27460, 28220, 28884, 29429 ]

Calculations for 1*x^43+1*x^41+1*x^40+1*x^38+2*x^34+1*x^31+2*x^29+2*x^28+1*x^25\
+1*x^20+1*x^19+2*x^17+2*x^16+1*x^14+1*x^13+2*x^11+1*x^10+1*x^4+1*x^2+2*x^1
p=3
genus, dim ker V^1, ...
Level 1:
[ 42, 19, 32, 37, 40, 42, 42, 42, 42, 42, 42 ]
Level 2:
[ 426, 150, 224, 267, 300, 325, 347, 361, 375, 384, 390 ]
Level 3:
[ 3900, 1311, 1974, 2364, 2622, 2804, 2956, 3072, 3158, 3227, 3276 ]
Level 4:
[ 35220, 11760, 17647, 21170, 23521, 25205, 26457, 27453, 28220, 28879, 29422 ]

Calculations for 1*x^43+2*x^41+1*x^40+1*x^38+2*x^37+1*x^34+2*x^31+1*x^29+1*x^28\
+1*x^26+1*x^25+1*x^23+2*x^22+2*x^20+2*x^14+2*x^10+2*x^8+1*x^7+2*x^5+1*x^4+2*x^2
p=3
genus, dim ker V^1, ...
Level 1:
[ 42, 19, 32, 36, 40, 41, 42, 42, 42, 42, 42 ]
Level 2:
[ 426, 151, 224, 267, 300, 326, 347, 362, 375, 384, 392 ]
Level 3:
[ 3900, 1312, 1974, 2364, 2622, 2804, 2957, 3072, 3160, 3227, 3276 ]
Level 4:
[ 35220, 11761, 17647, 21170, 23521, 25204, 26457, 27453, 28220, 28880, 29424 ]

Calculations for 1*x^43+1*x^41+2*x^37+1*x^35+2*x^34+2*x^29+2*x^25+1*x^23+1*x^20\
+2*x^19+1*x^16+2*x^14+1*x^13+2*x^11+2*x^10+1*x^7+2*x^4+1*x^1
p=3
genus, dim ker V^1, ...
Level 1:
[ 42, 20, 32, 36, 40, 42, 42, 42, 42, 42, 42 ]
Level 2:
[ 426, 151, 224, 267, 300, 325, 347, 361, 375, 384, 390 ]
Level 3:
[ 3900, 1312, 1974, 2364, 2622, 2804, 2956, 3072, 3158, 3227, 3276 ]
Level 4:
[ 35220, 11761, 17647, 21170, 23521, 25205, 26457, 27453, 28220, 28879, 29422 ]

Calculations for 1*x^43+2*x^41+2*x^40+1*x^37+1*x^32+1*x^31+1*x^29+1*x^28+1*x^26\
+1*x^23+2*x^20+1*x^17+1*x^16+2*x^14+1*x^13+1*x^11+2*x^10+1*x^8+1*x^7+1*x^4+1*x^\
2+1*x^1
p=3
genus, dim ker V^1, ...
Level 1:
[ 42, 20, 32, 36, 40, 41, 42, 42, 42, 42, 42 ]
Level 2:
[ 426, 150, 224, 267, 300, 325, 347, 361, 375, 385, 390 ]
Level 3:
[ 3900, 1311, 1974, 2364, 2622, 2804, 2956, 3072, 3158, 3227, 3276 ]
Level 4:
[ 35220, 11760, 17647, 21170, 23521, 25204, 26457, 27453, 28220, 28879, 29422 ]

Calculations for 1*x^43+1*x^40+1*x^38+1*x^35+2*x^34+1*x^28+1*x^23+2*x^19+2*x^13\
+2*x^11+1*x^8+1*x^7+1*x^5+2*x^1
p=3
genus, dim ker V^1, ...
Level 1:
[ 42, 21, 32, 36, 40, 42, 42, 42, 42, 42, 42 ]
Level 2:
[ 426, 152, 224, 267, 300, 325, 347, 361, 375, 384, 390 ]
Level 3:
[ 3900, 1313, 1974, 2364, 2622, 2804, 2956, 3072, 3158, 3227, 3276 ]
Level 4:
[ 35220, 11762, 17647, 21170, 23521, 25205, 26457, 27453, 28220, 28879, 29422 ]

Calculations for 1*x^43+2*x^38+1*x^37+1*x^35+1*x^31+2*x^29+1*x^28+1*x^23+2*x^22\
+2*x^19+2*x^16+1*x^11+2*x^10+1*x^8+1*x^5+2*x^4+1*x^1
p=3
genus, dim ker V^1, ...
Level 1:
[ 42, 21, 32, 36, 40, 42, 42, 42, 42, 42, 42 ]
Level 2:
[ 426, 150, 224, 267, 300, 325, 347, 361, 375, 384, 390 ]
Level 3:
[ 3900, 1311, 1974, 2364, 2622, 2804, 2956, 3072, 3158, 3227, 3276 ]
Level 4:
[ 35220, 11760, 17647, 21170, 23521, 25205, 26457, 27453, 28220, 28879, 29422 ]

Calculations for 1*x^44+1*x^43+1*x^37+1*x^32+2*x^31+2*x^28+2*x^23+2*x^22+1*x^20\
+1*x^19+2*x^16+1*x^11+2*x^10+2*x^8+1*x^7+2*x^4+2*x^2+2*x^1
p=3
genus, dim ker V^1, ...
Level 1:
[ 43, 22, 33, 38, 41, 43, 43, 43, 43, 43, 43 ]
Level 2:
[ 436, 154, 229, 273, 307, 334, 355, 371, 384, 392, 400 ]
Level 3:
[ 3991, 1342, 2020, 2419, 2683, 2869, 3027, 3145, 3233, 3302, 3352 ]
Level 4:
[ 36040, 12034, 18057, 21662, 24068, 25791, 27073, 28093, 28877, 29553, 30107 ]

Calculations for 1*x^44+2*x^43+2*x^41+2*x^40+2*x^38+2*x^35+2*x^34+1*x^32+2*x^31\
+1*x^28+1*x^26+1*x^25+2*x^19+1*x^17+2*x^14+1*x^8+2*x^7+1*x^5+1*x^2+2*x^1
p=3
genus, dim ker V^1, ...
Level 1:
[ 43, 22, 33, 37, 41, 42, 43, 43, 43, 43, 43 ]
Level 2:
[ 436, 154, 229, 273, 307, 333, 355, 370, 384, 392, 400 ]
Level 3:
[ 3991, 1342, 2020, 2419, 2683, 2869, 3025, 3144, 3232, 3302, 3352 ]
Level 4:
[ 36040, 12034, 18057, 21662, 24067, 25790, 27073, 28094, 28877, 29551, 30107 ]

Calculations for 1*x^44+1*x^43+1*x^41+2*x^40+2*x^35+1*x^34+2*x^32+1*x^31+2*x^29\
+2*x^28+1*x^26+1*x^25+2*x^23+1*x^22+1*x^19+2*x^17+2*x^14+1*x^11+1*x^10+2*x^8+1*\
x^5+1*x^4+1*x^2+2*x^1
p=3
genus, dim ker V^1, ...
Level 1:
[ 43, 23, 33, 37, 41, 42, 43, 43, 43, 43, 43 ]
Level 2:
[ 436, 155, 229, 273, 307, 334, 355, 371, 384, 392, 400 ]
Level 3:
[ 3991, 1343, 2020, 2419, 2683, 2869, 3026, 3145, 3233, 3302, 3352 ]
Level 4:
[ 36040, 12035, 18057, 21662, 24067, 25790, 27073, 28093, 28877, 29553, 30107 ]

Calculations for 1*x^44+2*x^41+2*x^40+1*x^38+1*x^35+1*x^32+1*x^31+2*x^29+1*x^28\
+1*x^23+1*x^22+2*x^20+2*x^19+1*x^13+2*x^11+1*x^10+1*x^8+1*x^7+1*x^2
p=3
genus, dim ker V^1, ...
Level 1:
[ 43, 23, 33, 38, 41, 43, 43, 43, 43, 43, 43 ]
Level 2:
[ 436, 156, 229, 273, 308, 335, 355, 370, 384, 394, 404 ]
Level 3:
[ 3991, 1344, 2020, 2420, 2684, 2869, 3027, 3144, 3236, 3302, 3352 ]
Level 4:
[ 36040, 12036, 18057, 21662, 24068, 25791, 27073, 28093, 28877, 29555, 30111 ]

Calculations for 1*x^44+1*x^43+2*x^41+2*x^40+1*x^38+1*x^35+1*x^26+2*x^25+2*x^23\
+2*x^22+2*x^20+2*x^19+1*x^17+1*x^16+2*x^14+1*x^11+2*x^10+1*x^7+1*x^5+1*x^2+1*x^\
1
p=3
genus, dim ker V^1, ...
Level 1:
[ 43, 20, 33, 37, 41, 42, 43, 43, 43, 43, 43 ]
Level 2:
[ 436, 153, 229, 273, 307, 334, 355, 371, 385, 396, 403 ]
Level 3:
[ 3991, 1343, 2020, 2419, 2683, 2869, 3028, 3144, 3235, 3302, 3352 ]
Level 4:
[ 36040, 12035, 18057, 21662, 24067, 25790, 27073, 28093, 28877, 29555, 30110 ]

Calculations for 1*x^44+2*x^43+1*x^40+2*x^38+2*x^37+1*x^34+2*x^31+2*x^28+1*x^25\
+2*x^22+2*x^14+1*x^13+1*x^11+1*x^10+2*x^5+2*x^2
p=3
genus, dim ker V^1, ...
Level 1:
[ 43, 20, 33, 38, 41, 43, 43, 43, 43, 43, 43 ]
Level 2:
[ 436, 153, 229, 273, 308, 334, 355, 372, 384, 393, 402 ]
Level 3:
[ 3991, 1342, 2020, 2420, 2684, 2869, 3027, 3145, 3234, 3302, 3352 ]
Level 4:
[ 36040, 12034, 18057, 21662, 24068, 25791, 27073, 28093, 28877, 29554, 30109 ]

Calculations for 1*x^44+2*x^43+1*x^40+2*x^38+1*x^35+2*x^34+1*x^32+1*x^29+1*x^28\
+1*x^26+1*x^25+1*x^23+1*x^22+2*x^17+2*x^14+2*x^11+2*x^10+1*x^7+1*x^4+2*x^2+2*x^\
1
p=3
genus, dim ker V^1, ...
Level 1:
[ 43, 21, 33, 37, 41, 42, 43, 43, 43, 43, 43 ]
Level 2:
[ 436, 153, 229, 273, 307, 333, 355, 371, 384, 392, 400 ]
Level 3:
[ 3991, 1342, 2020, 2419, 2683, 2869, 3025, 3144, 3232, 3302, 3352 ]
Level 4:
[ 36040, 12034, 18057, 21662, 24067, 25790, 27073, 28093, 28877, 29551, 30107 ]

Calculations for 1*x^44+2*x^43+2*x^41+1*x^40+2*x^38+1*x^37+2*x^34+1*x^32+1*x^29\
+1*x^28+1*x^26+2*x^23+1*x^22+1*x^19+2*x^17+2*x^14+2*x^11+1*x^10+2*x^8+2*x^7+1*x\
^2
p=3
genus, dim ker V^1, ...
Level 1:
[ 43, 21, 33, 37, 41, 42, 43, 43, 43, 43, 43 ]
Level 2:
[ 436, 153, 229, 273, 307, 333, 355, 370, 384, 392, 400 ]
Level 3:
[ 3991, 1343, 2020, 2419, 2683, 2869, 3025, 3144, 3232, 3302, 3352 ]
Level 4:
[ 36040, 12035, 18057, 21662, 24067, 25790, 27073, 28094, 28877, 29552, 30107 ]

Calculations for 1*x^46+2*x^44+1*x^40+2*x^38+2*x^37+1*x^35+2*x^34+1*x^32+1*x^31\
+2*x^29+2*x^28+1*x^26+1*x^25+2*x^22+2*x^20+1*x^19+1*x^16+1*x^14+1*x^13+1*x^11+1\
*x^10+1*x^7+2*x^5+2*x^4+1*x^2+1*x^1
p=3
genus, dim ker V^1, ...
Level 1:
[ 45, 22, 34, 39, 43, 44, 45, 45, 45, 45, 45 ]
Level 2:
[ 456, 160, 240, 286, 321, 348, 372, 388, 403, 410, 417 ]
Level 3:
[ 4173, 1404, 2112, 2529, 2805, 3000, 3164, 3289, 3379, 3453, 3505 ]
Level 4:
[ 37680, 12582, 18878, 22648, 25162, 26963, 28303, 29373, 30189, 30896, 31475 ]

Calculations for 1*x^46+1*x^44+1*x^43+1*x^41+1*x^40+1*x^38+2*x^37+1*x^35+1*x^34\
+1*x^32+1*x^31+2*x^28+2*x^26+2*x^25+1*x^23+1*x^20+1*x^19+1*x^17+2*x^14+2*x^13+2\
*x^11+1*x^10+1*x^8+1*x^7+1*x^4+1*x^2+2*x^1
p=3
genus, dim ker V^1, ...
Level 1:
[ 45, 22, 34, 40, 43, 44, 45, 45, 45, 45, 45 ]
Level 2:
[ 456, 163, 240, 286, 323, 350, 372, 388, 403, 411, 419 ]
Level 3:
[ 4173, 1405, 2112, 2531, 2807, 3000, 3166, 3289, 3381, 3453, 3505 ]
Level 4:
[ 37680, 12583, 18878, 22648, 25164, 26963, 28303, 29373, 30189, 30899, 31477 ]

Calculations for 1*x^46+1*x^41+1*x^35+1*x^34+2*x^29+2*x^25+2*x^23+1*x^22+2*x^20\
+1*x^19+2*x^16+2*x^14+2*x^11+1*x^10+1*x^8+2*x^7+1*x^5+2*x^2+1*x^1
p=3
genus, dim ker V^1, ...
Level 1:
[ 45, 23, 34, 39, 43, 45, 45, 45, 45, 45, 45 ]
Level 2:
[ 456, 162, 240, 286, 321, 348, 373, 389, 404, 412, 419 ]
Level 3:
[ 4173, 1404, 2112, 2529, 2805, 3000, 3163, 3291, 3380, 3453, 3505 ]
Level 4:
[ 37680, 12582, 18878, 22648, 25162, 26964, 28303, 29375, 30189, 30895, 31477 ]

Calculations for 1*x^46+1*x^44+1*x^41+2*x^38+1*x^35+2*x^34+1*x^32+1*x^31+1*x^29\
+2*x^28+2*x^25+1*x^20+1*x^19+2*x^17+1*x^16+2*x^14+2*x^13+1*x^11+2*x^10+2*x^8+2*\
x^7+2*x^5+2*x^1
p=3
genus, dim ker V^1, ...
Level 1:
[ 45, 23, 34, 39, 43, 45, 45, 45, 45, 45, 45 ]
Level 2:
[ 456, 161, 240, 286, 321, 348, 372, 389, 403, 412, 419 ]
Level 3:
[ 4173, 1403, 2112, 2529, 2805, 3000, 3163, 3289, 3380, 3453, 3505 ]
Level 4:
[ 37680, 12581, 18878, 22648, 25162, 26964, 28303, 29372, 30189, 30895, 31478 ]

Calculations for 1*x^46+2*x^44+1*x^41+2*x^38+1*x^35+1*x^34+1*x^32+1*x^29+1*x^26\
+2*x^25+2*x^22+1*x^20+1*x^17+1*x^16+2*x^14+2*x^13+2*x^11+2*x^10+2*x^8+1*x^7+1*x\
^4+1*x^2+1*x^1
p=3
genus, dim ker V^1, ...
Level 1:
[ 45, 20, 34, 39, 43, 44, 45, 45, 45, 45, 45 ]
Level 2:
[ 456, 161, 240, 286, 321, 348, 372, 388, 403, 410, 417 ]
Level 3:
[ 4173, 1403, 2112, 2529, 2805, 3000, 3163, 3289, 3379, 3453, 3505 ]
Level 4:
[ 37680, 12581, 18878, 22648, 25162, 26963, 28303, 29372, 30189, 30895, 31475 ]

Calculations for 1*x^46+2*x^44+1*x^43+1*x^40+1*x^38+2*x^37+1*x^31+2*x^29+1*x^28\
+1*x^26+1*x^25+2*x^23+2*x^22+2*x^20+1*x^17+2*x^16+2*x^14+2*x^13+2*x^11+1*x^10+2\
*x^8+1*x^5+2*x^4+1*x^1
p=3
genus, dim ker V^1, ...
Level 1:
[ 45, 20, 34, 39, 43, 44, 45, 45, 45, 45, 45 ]
Level 2:
[ 456, 161, 240, 286, 321, 349, 372, 388, 403, 413, 419 ]
Level 3:
[ 4173, 1403, 2112, 2529, 2805, 3000, 3163, 3290, 3380, 3453, 3505 ]
Level 4:
[ 37680, 12581, 18878, 22648, 25162, 26963, 28303, 29372, 30189, 30895, 31478 ]

Calculations for 1*x^46+2*x^44+2*x^43+2*x^41+2*x^40+1*x^38+2*x^35+1*x^31+1*x^29\
+2*x^26+2*x^25+2*x^23+1*x^22+1*x^20+2*x^19+1*x^17+2*x^13+1*x^11+1*x^10+2*x^8+2*\
x^7+1*x^5+2*x^4+2*x^2+1*x^1
p=3
genus, dim ker V^1, ...
Level 1:
[ 45, 21, 34, 39, 43, 44, 45, 45, 45, 45, 45 ]
Level 2:
[ 456, 161, 240, 286, 321, 348, 372, 388, 403, 410, 417 ]
Level 3:
[ 4173, 1404, 2112, 2529, 2805, 3000, 3163, 3290, 3379, 3453, 3505 ]
Level 4:
[ 37680, 12582, 18878, 22648, 25162, 26963, 28303, 29372, 30189, 30895, 31475 ]

Calculations for 1*x^46+1*x^44+1*x^43+2*x^40+2*x^38+2*x^37+1*x^35+2*x^32+2*x^31\
+2*x^29+2*x^26+1*x^22+1*x^20+1*x^19+2*x^14+1*x^13+2*x^11+2*x^8+2*x^7+1*x^4+1*x^\
2+2*x^1
p=3
genus, dim ker V^1, ...
Level 1:
[ 45, 21, 34, 39, 43, 44, 45, 45, 45, 45, 45 ]
Level 2:
[ 456, 160, 240, 286, 321, 348, 372, 389, 403, 411, 419 ]
Level 3:
[ 4173, 1404, 2112, 2529, 2805, 3000, 3163, 3289, 3380, 3453, 3505 ]
Level 4:
[ 37680, 12582, 18878, 22648, 25162, 26963, 28303, 29372, 30189, 30895, 31477 ]

Calculations for 1*x^47+1*x^46+2*x^44+2*x^43+2*x^40+2*x^37+1*x^35+2*x^34+2*x^32\
+2*x^29+1*x^28+2*x^26+2*x^25+2*x^23+2*x^22+1*x^17+2*x^16+2*x^14+2*x^13+1*x^11+1\
*x^8+1*x^5+1*x^2+1*x^1
p=3
genus, dim ker V^1, ...
Level 1:
[ 46, 22, 35, 40, 44, 45, 46, 46, 46, 46, 46 ]
Level 2:
[ 466, 164, 245, 292, 328, 355, 381, 399, 413, 419, 425 ]
Level 3:
[ 4264, 1433, 2158, 2584, 2866, 3065, 3231, 3361, 3451, 3528, 3581 ]
Level 4:
[ 38500, 12855, 19288, 23140, 25709, 27549, 28918, 30012, 30845, 31566, 32158 ]

Calculations for 1*x^47+1*x^44+1*x^43+2*x^38+1*x^34+1*x^32+2*x^31+1*x^29+2*x^28\
+2*x^26+1*x^25+1*x^23+2*x^22+1*x^20+2*x^19+1*x^17+1*x^16+1*x^13+1*x^10+2*x^8+1*\
x^7+2*x^5+1*x^2+2*x^1
p=3
genus, dim ker V^1, ...
Level 1:
[ 46, 22, 35, 40, 44, 45, 46, 46, 46, 46, 46 ]
Level 2:
[ 466, 164, 245, 292, 328, 356, 381, 398, 413, 419, 425 ]
Level 3:
[ 4264, 1433, 2158, 2584, 2866, 3065, 3231, 3362, 3451, 3528, 3581 ]
Level 4:
[ 38500, 12855, 19288, 23140, 25709, 27549, 28918, 30013, 30845, 31566, 32158 ]

Calculations for 1*x^47+2*x^46+1*x^43+2*x^41+2*x^40+2*x^38+2*x^37+2*x^32+1*x^29\
+1*x^28+1*x^17+1*x^16+1*x^14+2*x^13+2*x^11+1*x^8+2*x^7+2*x^5+1*x^4+2*x^1
p=3
genus, dim ker V^1, ...
Level 1:
[ 46, 23, 35, 41, 45, 46, 46, 46, 46, 46, 46 ]
Level 2:
[ 466, 164, 245, 292, 329, 358, 381, 397, 413, 425, 432 ]
Level 3:
[ 4264, 1433, 2158, 2585, 2867, 3065, 3235, 3361, 3457, 3532, 3581 ]
Level 4:
[ 38500, 12855, 19288, 23140, 25710, 27551, 28918, 30011, 30845, 31570, 32165 ]

Calculations for 1*x^47+1*x^46+2*x^41+2*x^40+1*x^37+1*x^35+2*x^34+2*x^32+2*x^31\
+2*x^29+2*x^28+1*x^25+1*x^20+2*x^16+1*x^14+2*x^13+1*x^11+2*x^10+2*x^8+1*x^7+2*x\
^2
p=3
genus, dim ker V^1, ...
Level 1:
[ 46, 23, 35, 40, 44, 46, 46, 46, 46, 46, 46 ]
Level 2:
[ 466, 165, 245, 292, 328, 356, 381, 397, 413, 420, 427 ]
Level 3:
[ 4264, 1434, 2158, 2584, 2866, 3065, 3232, 3361, 3453, 3528, 3581 ]
Level 4:
[ 38500, 12855, 19288, 23140, 25709, 27551, 28918, 30012, 30845, 31567, 32160 ]

Calculations for 1*x^47+2*x^44+1*x^35+2*x^32+1*x^29+2*x^23+2*x^22+1*x^20+1*x^14\
+1*x^13+1*x^11+2*x^10+1*x^8+1*x^5+2*x^4+2*x^2+2*x^1
p=3
genus, dim ker V^1, ...
Level 1:
[ 46, 24, 35, 40, 44, 46, 46, 46, 46, 46, 46 ]
Level 2:
[ 466, 165, 245, 292, 329, 358, 382, 402, 414, 423, 432 ]
Level 3:
[ 4264, 1434, 2158, 2585, 2867, 3065, 3235, 3363, 3458, 3528, 3581 ]
Level 4:
[ 38500, 12855, 19288, 23140, 25710, 27551, 28918, 30012, 30845, 31571, 32165 ]

Calculations for 1*x^47+2*x^43+2*x^40+1*x^37+2*x^34+2*x^32+1*x^31+1*x^26+2*x^25\
+1*x^20+1*x^19+2*x^16+2*x^14+2*x^13+2*x^11+1*x^5+2*x^4+2*x^2
p=3
genus, dim ker V^1, ...
Level 1:
[ 46, 24, 35, 40, 44, 45, 46, 46, 46, 46, 46 ]
Level 2:
[ 466, 165, 245, 292, 328, 355, 381, 398, 413, 419, 425 ]
Level 3:
[ 4264, 1434, 2158, 2584, 2866, 3065, 3231, 3361, 3451, 3528, 3581 ]
Level 4:
[ 38500, 12855, 19288, 23140, 25709, 27549, 28918, 30011, 30845, 31566, 32158 ]

Calculations for 1*x^47+2*x^46+1*x^44+1*x^37+2*x^34+2*x^32+1*x^31+2*x^29+2*x^26\
+1*x^25+2*x^20+1*x^19+1*x^17+1*x^14+1*x^13+1*x^11+2*x^10+1*x^7+1*x^2+2*x^1
p=3
genus, dim ker V^1, ...
Level 1:
[ 46, 21, 35, 40, 44, 45, 46, 46, 46, 46, 46 ]
Level 2:
[ 466, 165, 245, 292, 328, 355, 381, 398, 413, 419, 425 ]
Level 3:
[ 4264, 1434, 2158, 2584, 2866, 3065, 3231, 3363, 3451, 3528, 3581 ]
Level 4:
[ 38500, 12855, 19288, 23140, 25709, 27549, 28918, 30012, 30845, 31566, 32158 ]

Calculations for 1*x^47+1*x^44+2*x^43+1*x^41+2*x^37+1*x^35+1*x^34+2*x^32+2*x^28\
+1*x^26+2*x^25+1*x^23+1*x^22+1*x^19+2*x^17+1*x^16+1*x^14+1*x^13+2*x^11+1*x^7+2*\
x^2
p=3
genus, dim ker V^1, ...
Level 1:
[ 46, 21, 35, 40, 44, 45, 46, 46, 46, 46, 46 ]
Level 2:
[ 466, 165, 245, 292, 328, 355, 381, 397, 413, 419, 425 ]
Level 3:
[ 4264, 1434, 2158, 2584, 2866, 3065, 3231, 3361, 3451, 3528, 3581 ]
Level 4:
[ 38500, 12855, 19288, 23140, 25709, 27549, 28918, 30011, 30845, 31566, 32158 ]

Calculations for 1*x^49+1*x^47+2*x^44+2*x^41+1*x^40+1*x^37+1*x^34+2*x^31+1*x^28\
+1*x^26+1*x^20+2*x^19+1*x^17+2*x^16+1*x^14+2*x^13+1*x^11+2*x^8+2*x^7+2*x^5+1*x^\
2+2*x^1
p=3
genus, dim ker V^1, ...
Level 1:
[ 48, 22, 36, 41, 45, 47, 48, 48, 48, 48, 48 ]
Level 2:
[ 486, 170, 255, 304, 341, 371, 395, 411, 427, 439, 447 ]
Level 3:
[ 4446, 1495, 2249, 2693, 2987, 3195, 3368, 3501, 3600, 3674, 3733 ]
Level 4:
[ 40140, 13402, 20109, 24124, 26802, 28721, 30149, 31284, 32158, 32908, 33530 ]

Calculations for 1*x^49+1*x^46+1*x^44+2*x^41+2*x^40+1*x^37+1*x^35+1*x^34+1*x^32\
+2*x^31+2*x^29+2*x^26+1*x^23+2*x^22+1*x^20+2*x^19+1*x^14+1*x^11+2*x^8+1*x^7+2*x\
^5+2*x^4+2*x^2+2*x^1
p=3
genus, dim ker V^1, ...
Level 1:
[ 48, 22, 36, 42, 45, 47, 48, 48, 48, 48, 48 ]
Level 2:
[ 486, 170, 255, 304, 342, 370, 395, 412, 427, 438, 444 ]
Level 3:
[ 4446, 1494, 2249, 2694, 2988, 3195, 3368, 3501, 3598, 3677, 3733 ]
Level 4:
[ 40140, 13401, 20109, 24124, 26803, 28721, 30149, 31286, 32158, 32909, 33527 ]

Calculations for 1*x^49+1*x^47+2*x^46+1*x^44+1*x^43+1*x^41+1*x^40+1*x^38+1*x^37\
+1*x^31+2*x^29+2*x^28+2*x^26+1*x^25+2*x^23+1*x^22+1*x^19+1*x^17+1*x^16+1*x^10+1\
*x^7+2*x^5+1*x^4
p=3
genus, dim ker V^1, ...
Level 1:
[ 48, 23, 36, 42, 45, 47, 48, 48, 48, 48, 48 ]
Level 2:
[ 486, 170, 255, 304, 342, 370, 395, 413, 428, 438, 444 ]
Level 3:
[ 4446, 1494, 2249, 2694, 2988, 3195, 3368, 3501, 3598, 3674, 3733 ]
Level 4:
[ 40140, 13401, 20109, 24124, 26803, 28721, 30149, 31285, 32158, 32909, 33527 ]

Calculations for 1*x^49+2*x^47+1*x^46+1*x^40+2*x^38+2*x^37+2*x^35+1*x^32+1*x^31\
+1*x^29+1*x^28+1*x^23+2*x^19+2*x^17+2*x^11+2*x^10+2*x^8+2*x^7+1*x^5+1*x^4+1*x^2\
+1*x^1
p=3
genus, dim ker V^1, ...
Level 1:
[ 48, 23, 36, 42, 45, 48, 48, 48, 48, 48, 48 ]
Level 2:
[ 486, 170, 255, 304, 342, 371, 395, 413, 427, 437, 446 ]
Level 3:
[ 4446, 1495, 2249, 2694, 2988, 3195, 3370, 3500, 3600, 3677, 3733 ]
Level 4:
[ 40140, 13402, 20109, 24124, 26803, 28722, 30149, 31284, 32158, 32911, 33529 ]

Calculations for 1*x^49+1*x^46+2*x^44+2*x^43+1*x^41+1*x^38+2*x^37+2*x^35+1*x^32\
+1*x^31+2*x^25+2*x^22+1*x^17+1*x^16+2*x^14+2*x^13+2*x^10+1*x^8+2*x^7+1*x^5+2*x^\
4+1*x^2+1*x^1
p=3
genus, dim ker V^1, ...
Level 1:
[ 48, 24, 36, 42, 45, 48, 48, 48, 48, 48, 48 ]
Level 2:
[ 486, 171, 255, 304, 342, 371, 395, 412, 427, 438, 444 ]
Level 3:
[ 4446, 1494, 2249, 2694, 2988, 3195, 3368, 3500, 3598, 3674, 3733 ]
Level 4:
[ 40140, 13401, 20109, 24124, 26803, 28721, 30149, 31285, 32158, 32909, 33527 ]

Calculations for 1*x^49+1*x^46+2*x^41+1*x^40+2*x^37+2*x^34+2*x^31+2*x^29+2*x^28\
+2*x^23+1*x^22+1*x^20+1*x^17+1*x^16+1*x^11+2*x^10+1*x^8+2*x^7+1*x^5+2*x^4+2*x^2\
+2*x^1
p=3
genus, dim ker V^1, ...
Level 1:
[ 48, 24, 36, 42, 46, 48, 48, 48, 48, 48, 48 ]
Level 2:
[ 486, 171, 255, 304, 342, 370, 395, 411, 427, 437, 444 ]
Level 3:
[ 4446, 1494, 2249, 2694, 2988, 3195, 3368, 3500, 3598, 3678, 3733 ]
Level 4:
[ 40140, 13401, 20109, 24124, 26803, 28723, 30149, 31285, 32158, 32909, 33527 ]

Calculations for 1*x^49+1*x^47+1*x^46+2*x^44+2*x^43+1*x^38+2*x^35+1*x^32+2*x^31\
+2*x^26+1*x^25+2*x^22+1*x^20+2*x^17+2*x^16+2*x^14+1*x^11+2*x^10+2*x^8+1*x^7+2*x\
^5+2*x^4+2*x^2
p=3
genus, dim ker V^1, ...
Level 1:
[ 48, 25, 36, 41, 45, 47, 48, 48, 48, 48, 48 ]
Level 2:
[ 486, 174, 255, 304, 341, 370, 395, 411, 427, 437, 444 ]
Level 3:
[ 4446, 1497, 2249, 2693, 2987, 3195, 3368, 3500, 3598, 3674, 3733 ]
Level 4:
[ 40140, 13404, 20109, 24124, 26802, 28721, 30149, 31284, 32158, 32908, 33527 ]

Calculations for 1*x^49+2*x^46+1*x^44+2*x^43+1*x^41+1*x^38+2*x^37+2*x^34+1*x^32\
+2*x^31+1*x^29+1*x^26+2*x^25+1*x^20+2*x^19+2*x^17+2*x^16+1*x^14+1*x^10+2*x^7+2*\
x^2+1*x^1
p=3
genus, dim ker V^1, ...
Level 1:
[ 48, 25, 36, 41, 45, 47, 48, 48, 48, 48, 48 ]
Level 2:
[ 486, 172, 255, 304, 341, 370, 395, 411, 427, 437, 444 ]
Level 3:
[ 4446, 1495, 2249, 2693, 2987, 3195, 3368, 3500, 3598, 3674, 3733 ]
Level 4:
[ 40140, 13402, 20109, 24124, 26802, 28721, 30149, 31285, 32158, 32908, 33527 ]

