Calculations for x^19
p=2
genus, dim ker V^1, ...
Level 1:
[ 9, 5, 7, 8, 9, 9, 9, 9, 9, 9, 9 ]
Level 2:
[ 46, 14, 22, 29, 35, 39, 42, 44, 45, 46, 46 ]
Level 3:
[ 196, 52, 85, 106, 118, 128, 137, 146, 155, 164, 173 ]
Level 4:
[ 800, 204, 328, 410, 469, 508, 545, 579, 604, 620, 630 ]
Level 5:
[ 3224, 812, 1303, 1626, 1861, 2028, 2173, 2275, 2361, 2445, 2515 ]
Level 6:
[ 12936, 3244, 5194, 6491, 7417, 8108, 8652, 9093, 9438, 9741, 9980 ]
Level 7:
[ 51816, 12972, 20761, 25947, 29656, 32428, 34596, 36325, 37746, 38926, 39914 ]

Calculations for x^21
p=2
genus, dim ker V^1, ...
Level 1:
[ 10, 5, 8, 9, 10, 10, 10, 10, 10, 10, 10 ]
Level 2:
[ 51, 16, 25, 33, 39, 43, 45, 47, 49, 50, 51 ]
Level 3:
[ 217, 58, 95, 118, 131, 142, 152, 162, 171, 179, 185 ]
Level 4:
[ 885, 226, 363, 454, 519, 562, 603, 637, 663, 684, 697 ]
Level 5:
[ 3565, 898, 1441, 1798, 2057, 2242, 2400, 2515, 2610, 2700, 2770 ]
Level 6:
[ 14301, 3586, 5741, 7174, 8198, 8962, 9563, 10047, 10432, 10764, 11031 ]
Level 7:
[ 57277, 14338, 22947, 28678, 32778, 35842, 38238, 40150, 41718, 43020, 44116 ]

Calculations for x^23
p=2
genus, dim ker V^1, ...
Level 1:
[ 11, 6, 9, 10, 11, 11, 11, 11, 11, 11, 11 ]
Level 2:
[ 56, 17, 27, 35, 42, 48, 51, 53, 55, 56, 56 ]
Level 3:
[ 238, 63, 103, 127, 143, 155, 166, 177, 188, 199, 206 ]
Level 4:
[ 970, 247, 397, 497, 567, 615, 660, 700, 728, 751, 763 ]
Level 5:
[ 3906, 983, 1577, 1970, 2252, 2455, 2630, 2755, 2859, 2960, 3037 ]
Level 6:
[ 15666, 3927, 6287, 7858, 8979, 9815, 10474, 11006, 11426, 11792, 12082 ]
Level 7:
[ 62738, 15703, 25131, 31410, 35899, 39255, 41880, 43973, 45694, 47120, 48318 ]

Calculations for x^25
p=2
genus, dim ker V^1, ...
Level 1:
[ 12, 6, 9, 11, 12, 12, 12, 12, 12, 12, 12 ]
Level 2:
[ 61, 19, 30, 40, 47, 52, 56, 58, 59, 60, 61 ]
Level 3:
[ 259, 69, 113, 140, 156, 169, 181, 193, 204, 215, 226 ]
Level 4:
[ 1055, 269, 431, 540, 618, 669, 718, 762, 796, 816, 830 ]
Level 5:
[ 4247, 1069, 1715, 2140, 2451, 2669, 2861, 2994, 3107, 3217, 3310 ]
Level 6:
[ 17031, 4269, 6834, 8540, 9760, 10669, 11385, 11964, 12419, 12817, 13132 ]
Level 7:
[ 68199, 17069, 27318, 34140, 39021, 42669, 45522, 47797, 49666, 51218, 52519 ]

Calculations for x^27
p=2
genus, dim ker V^1, ...
Level 1:
[ 13, 7, 10, 12, 13, 13, 13, 13, 13, 13, 13 ]
Level 2:
[ 66, 20, 32, 42, 51, 56, 59, 62, 64, 66, 66 ]
Level 3:
[ 280, 74, 121, 150, 168, 182, 195, 208, 221, 234, 245 ]
Level 4:
[ 1140, 290, 466, 583, 666, 722, 775, 823, 859, 882, 896 ]
Level 5:
[ 4588, 1154, 1851, 2311, 2645, 2882, 3089, 3234, 3356, 3476, 3576 ]
Level 6:
[ 18396, 4610, 7381, 9223, 10540, 11522, 12295, 12922, 13413, 13844, 14183 ]
Level 7:
[ 73660, 18434, 29502, 36871, 42142, 46082, 49163, 51621, 53640, 55316, 56721 ]

