Calculations for x^3 + x
p=2
genus, dim ker V^1, ...
Level 1:
[ 1, 1, 1, 1, 1, 1, 1, 1, 1, 1, 1 ]
Level 2:
[ 6, 2, 3, 4, 5, 6, 6, 6, 6, 6, 6 ]
Level 3:
[ 28, 8, 13, 16, 18, 20, 21, 22, 23, 24, 25 ]
Level 4:
[ 120, 32, 51, 64, 73, 80, 85, 90, 94, 96, 98 ]
Level 5:
[ 496, 128, 205, 256, 293, 320, 342, 358, 372, 384, 395 ]
Level 6:
[ 2016, 512, 819, 1024, 1170, 1280, 1365, 1434, 1489, 1536, 1575 ]
Level 7:
[ 8128, 2048, 3277, 4096, 4681, 5120, 5461, 5734, 5958, 6144, 6301 ]

Calculations for x^3 + x
p=2
genus, dim ker V^1, ...
Level 1:
[ 1, 1, 1, 1, 1, 1, 1, 1, 1, 1, 1 ]
Level 2:
[ 6, 2, 3, 4, 5, 6, 6, 6, 6, 6, 6 ]
Level 3:
[ 28, 8, 13, 16, 18, 20, 21, 22, 23, 24, 25 ]
Level 4:
[ 120, 32, 51, 64, 73, 80, 85, 90, 94, 96, 98 ]
Level 5:
[ 496, 128, 205, 256, 293, 320, 342, 358, 372, 384, 395 ]
Level 6:
[ 2016, 512, 819, 1024, 1170, 1280, 1365, 1434, 1489, 1536, 1575 ]
Level 7:
[ 8128, 2048, 3277, 4096, 4681, 5120, 5461, 5734, 5958, 6144, 6301 ]

Calculations for x^5 + x^3 + x
p=2
genus, dim ker V^1, ...
Level 1:
[ 2, 1, 2, 2, 2, 2, 2, 2, 2, 2, 2 ]
Level 2:
[ 11, 4, 6, 8, 10, 11, 11, 11, 11, 11, 11 ]
Level 3:
[ 49, 14, 23, 28, 31, 34, 36, 38, 40, 42, 44 ]
Level 4:
[ 205, 54, 86, 108, 123, 134, 143, 152, 158, 162, 165 ]
Level 5:
[ 837, 214, 343, 428, 490, 534, 572, 598, 621, 642, 661 ]
Level 6:
[ 3381, 854, 1367, 1708, 1952, 2134, 2277, 2392, 2483, 2562, 2626 ]
Level 7:
[ 13589, 3414, 5464, 6828, 7804, 8534, 9104, 9559, 9932, 10242, 10503 ]

Calculations for x^5 + x^3
p=2
genus, dim ker V^1, ...
Level 1:
[ 2, 1, 2, 2, 2, 2, 2, 2, 2, 2, 2 ]
Level 2:
[ 11, 4, 6, 8, 10, 11, 11, 11, 11, 11, 11 ]
Level 3:
[ 49, 14, 23, 28, 31, 34, 36, 38, 40, 42, 44 ]
Level 4:
[ 205, 54, 86, 108, 123, 134, 143, 152, 158, 162, 165 ]
Level 5:
[ 837, 214, 343, 428, 490, 534, 572, 598, 621, 642, 661 ]
Level 6:
[ 3381, 854, 1367, 1708, 1952, 2134, 2277, 2392, 2483, 2562, 2626 ]
Level 7:
[ 13589, 3414, 5464, 6828, 7804, 8534, 9104, 9559, 9932, 10242, 10503 ]

Calculations for x^7 + x^5 + x^3
p=2
genus, dim ker V^1, ...
Level 1:
[ 3, 2, 3, 3, 3, 3, 3, 3, 3, 3, 3 ]
Level 2:
[ 16, 5, 8, 10, 12, 13, 14, 15, 16, 16, 16 ]
Level 3:
[ 70, 19, 31, 38, 43, 47, 50, 53, 56, 58, 60 ]
Level 4:
[ 290, 75, 121, 150, 172, 187, 200, 211, 219, 226, 231 ]
Level 5:
[ 1178, 299, 480, 598, 685, 747, 799, 838, 870, 898, 921 ]
Level 6:
[ 4746, 1195, 1914, 2390, 2732, 2987, 3187, 3348, 3477, 3586, 3677 ]
Level 7:
[ 19050, 4779, 7649, 9558, 10925, 11947, 12745, 13383, 13905, 14338, 14705 ]

Calculations for x^7 + x
p=2
genus, dim ker V^1, ...
Level 1:
[ 3, 2, 3, 3, 3, 3, 3, 3, 3, 3, 3 ]
Level 2:
[ 16, 5, 8, 10, 12, 13, 14, 15, 16, 16, 16 ]
Level 3:
[ 70, 19, 31, 38, 43, 47, 50, 53, 56, 58, 60 ]
Level 4:
[ 290, 75, 121, 150, 172, 187, 200, 211, 219, 226, 231 ]
Level 5:
[ 1178, 299, 480, 598, 685, 747, 799, 838, 870, 898, 921 ]
Level 6:
[ 4746, 1195, 1914, 2390, 2732, 2987, 3187, 3348, 3477, 3586, 3677 ]
Level 7:
[ 19050, 4779, 7649, 9558, 10925, 11947, 12745, 13383, 13905, 14338, 14705 ]

Calculations for x^9 + x
p=2
genus, dim ker V^1, ...
Level 1:
[ 4, 2, 3, 4, 4, 4, 4, 4, 4, 4, 4 ]
Level 2:
[ 21, 7, 11, 15, 19, 21, 21, 21, 21, 21, 21 ]
Level 3:
[ 91, 25, 41, 51, 56, 61, 65, 69, 73, 77, 81 ]
Level 4:
[ 375, 97, 155, 195, 222, 241, 258, 275, 287, 293, 298 ]
Level 5:
[ 1519, 385, 617, 771, 883, 961, 1031, 1077, 1118, 1157, 1192 ]
Level 6:
[ 6111, 1537, 2460, 3075, 3513, 3841, 4098, 4307, 4470, 4613, 4727 ]
Level 7:
[ 24511, 6145, 9834, 12291, 14047, 15361, 16387, 17206, 17879, 18437, 18906 ]

Calculations for x^9 + x^3 + x
p=2
genus, dim ker V^1, ...
Level 1:
[ 4, 2, 3, 4, 4, 4, 4, 4, 4, 4, 4 ]
Level 2:
[ 21, 7, 11, 14, 17, 20, 21, 21, 21, 21, 21 ]
Level 3:
[ 91, 25, 41, 50, 56, 61, 65, 69, 73, 77, 81 ]
Level 4:
[ 375, 97, 155, 194, 222, 241, 258, 275, 286, 293, 298 ]
Level 5:
[ 1519, 385, 617, 770, 883, 961, 1031, 1077, 1118, 1157, 1191 ]
Level 6:
[ 6111, 1537, 2460, 3074, 3513, 3841, 4098, 4307, 4470, 4613, 4727 ]
Level 7:
[ 24511, 6145, 9834, 12290, 14047, 15361, 16387, 17206, 17879, 18437, 18906 ]

Calculations for x^11 + x^7 + x^5 + x^3 + x
p=2
genus, dim ker V^1, ...
Level 1:
[ 5, 3, 4, 5, 5, 5, 5, 5, 5, 5, 5 ]
Level 2:
[ 26, 8, 13, 16, 19, 21, 23, 24, 25, 26, 26 ]
Level 3:
[ 112, 30, 49, 60, 68, 74, 79, 84, 89, 92, 95 ]
Level 4:
[ 460, 118, 190, 237, 271, 294, 315, 333, 346, 356, 364 ]
Level 5:
[ 1860, 470, 754, 941, 1076, 1174, 1257, 1317, 1367, 1413, 1451 ]
Level 6:
[ 7476, 1878, 3007, 3757, 4294, 4694, 5009, 5262, 5464, 5637, 5778 ]
Level 7:
[ 29972, 7510, 12019, 15021, 17169, 18774, 20029, 21030, 21852, 22533, 23108 ]

Calculations for x^11 + x^9 + x^7 + x^3 + x
p=2
genus, dim ker V^1, ...
Level 1:
[ 5, 3, 4, 5, 5, 5, 5, 5, 5, 5, 5 ]
Level 2:
[ 26, 8, 13, 16, 19, 22, 23, 24, 25, 26, 26 ]
Level 3:
[ 112, 30, 49, 60, 68, 74, 79, 84, 89, 92, 95 ]
Level 4:
[ 460, 118, 190, 237, 271, 294, 315, 333, 346, 356, 364 ]
Level 5:
[ 1860, 470, 754, 941, 1076, 1174, 1257, 1317, 1367, 1413, 1451 ]
Level 6:
[ 7476, 1878, 3007, 3757, 4294, 4694, 5009, 5262, 5464, 5637, 5778 ]
Level 7:
[ 29972, 7510, 12019, 15021, 17169, 18774, 20029, 21030, 21852, 22533, 23108 ]

Calculations for x^13 + x^9 + x^5 + x^3
p=2
genus, dim ker V^1, ...
Level 1:
[ 6, 3, 5, 6, 6, 6, 6, 6, 6, 6, 6 ]
Level 2:
[ 31, 10, 16, 20, 24, 27, 29, 31, 31, 31, 31 ]
Level 3:
[ 133, 36, 59, 72, 81, 88, 94, 100, 106, 112, 118 ]
Level 4:
[ 545, 140, 225, 280, 321, 348, 373, 397, 414, 424, 431 ]
Level 5:
[ 2201, 556, 893, 1112, 1275, 1388, 1488, 1557, 1616, 1673, 1721 ]
Level 6:
[ 8841, 2220, 3554, 4440, 5075, 5548, 5920, 6223, 6458, 6665, 6829 ]
Level 7:
[ 35433, 8876, 14206, 17752, 20291, 22188, 23671, 24854, 25827, 26633, 27310 ]

Calculations for x^13
p=2
genus, dim ker V^1, ...
Level 1:
[ 6, 3, 5, 6, 6, 6, 6, 6, 6, 6, 6 ]
Level 2:
[ 31, 10, 16, 21, 24, 27, 30, 31, 31, 31, 31 ]
Level 3:
[ 133, 36, 59, 73, 81, 88, 94, 100, 106, 112, 118 ]
Level 4:
[ 545, 140, 225, 281, 321, 348, 373, 398, 416, 424, 431 ]
Level 5:
[ 2201, 556, 893, 1113, 1275, 1388, 1489, 1557, 1616, 1673, 1723 ]
Level 6:
[ 8841, 2220, 3554, 4441, 5075, 5548, 5920, 6223, 6458, 6665, 6829 ]
Level 7:
[ 35433, 8876, 14206, 17753, 20291, 22188, 23671, 24854, 25827, 26633, 27310 ]

Calculations for x^15 + x^11 + x^9 + x^7 + x^5 + x^3 + x
p=2
genus, dim ker V^1, ...
Level 1:
[ 7, 4, 6, 7, 7, 7, 7, 7, 7, 7, 7 ]
Level 2:
[ 36, 11, 18, 22, 26, 30, 31, 32, 33, 34, 35 ]
Level 3:
[ 154, 41, 67, 82, 93, 101, 108, 115, 120, 124, 128 ]
Level 4:
[ 630, 161, 259, 322, 369, 401, 430, 453, 471, 484, 497 ]
Level 5:
[ 2542, 641, 1028, 1282, 1468, 1601, 1713, 1796, 1864, 1924, 1977 ]
Level 6:
[ 10206, 2561, 4101, 5122, 5856, 6401, 6831, 7174, 7451, 7684, 7879 ]
Level 7:
[ 40894, 10241, 16390, 20482, 23411, 25601, 27313, 28678, 29795, 30724, 31511 ]

Calculations for x^15 + x^9
p=2
genus, dim ker V^1, ...
Level 1:
[ 7, 4, 6, 7, 7, 7, 7, 7, 7, 7, 7 ]
Level 2:
[ 36, 11, 18, 23, 27, 30, 31, 32, 33, 34, 35 ]
Level 3:
[ 154, 41, 67, 83, 93, 101, 108, 115, 120, 125, 129 ]
Level 4:
[ 630, 161, 259, 323, 369, 401, 430, 453, 471, 485, 497 ]
Level 5:
[ 2542, 641, 1028, 1283, 1468, 1601, 1713, 1796, 1864, 1925, 1977 ]
Level 6:
[ 10206, 2561, 4101, 5123, 5856, 6401, 6831, 7174, 7451, 7685, 7879 ]
Level 7:
[ 40894, 10241, 16390, 20483, 23411, 25601, 27313, 28678, 29795, 30725, 31511 ]

Calculations for x^17 + x^9
p=2
genus, dim ker V^1, ...
Level 1:
[ 8, 4, 6, 7, 8, 8, 8, 8, 8, 8, 8 ]
Level 2:
[ 41, 13, 20, 27, 33, 37, 41, 41, 41, 41, 41 ]
Level 3:
[ 175, 47, 77, 96, 106, 115, 123, 131, 139, 147, 155 ]
Level 4:
[ 715, 183, 294, 369, 420, 455, 488, 520, 542, 555, 564 ]
Level 5:
[ 2883, 727, 1167, 1457, 1668, 1815, 1948, 2036, 2113, 2188, 2253 ]
Level 6:
[ 11571, 2903, 4648, 5809, 6636, 7255, 7741, 8138, 8445, 8716, 8930 ]
Level 7:
[ 46355, 11607, 18577, 23217, 26534, 29015, 30954, 32502, 33774, 34828, 35713 ]

Calculations for x^17 + x^9
p=2
genus, dim ker V^1, ...
Level 1:
[ 8, 4, 6, 7, 8, 8, 8, 8, 8, 8, 8 ]
Level 2:
[ 41, 13, 20, 27, 33, 37, 41, 41, 41, 41, 41 ]
Level 3:
[ 175, 47, 77, 96, 106, 115, 123, 131, 139, 147, 155 ]
Level 4:
[ 715, 183, 294, 369, 420, 455, 488, 520, 542, 555, 564 ]
Level 5:
[ 2883, 727, 1167, 1457, 1668, 1815, 1948, 2036, 2113, 2188, 2253 ]
Level 6:
[ 11571, 2903, 4648, 5809, 6636, 7255, 7741, 8138, 8445, 8716, 8930 ]
Level 7:
[ 46355, 11607, 18577, 23217, 26534, 29015, 30954, 32502, 33774, 34828, 35713 ]

